 	x	1	2	3	4	5	6	7	8	9	10	11	12	13	14	15	16	17	18	19	20	21	22	23	24	25
1	0.021	0.000	0.000	0.000	0.000	0.000	0.000	0.674	0.000	0.000	12.366	0.000	0.000	0.000	0.000	0.000	0.000	0.000	0.000	0.000	0.000	0.000	0.000	0.000	0.000	0.000
2	0.042	0.000	0.000	0.000	0.000	0.000	0.000	0.657	0.000	0.000	12.897	0.000	0.000	0.000	0.000	0.000	0.000	0.000	0.000	0.000	0.000	0.000	0.000	0.000	0.000	0.000
3	0.064	0.000	0.000	0.000	0.000	0.000	0.000	0.649	0.000	0.000	12.361	0.000	0.000	0.000	0.000	0.000	0.000	0.000	0.000	0.000	0.000	0.000	0.000	0.000	0.000	0.000
4	0.085	0.000	0.000	0.000	0.000	0.000	0.000	0.625	0.000	0.000	10.869	0.000	0.000	0.000	0.000	0.000	0.000	0.000	0.000	0.000	0.000	0.000	0.000	0.000	0.000	0.000
5	0.106	0.000	0.000	0.000	0.000	0.000	0.000	0.556	0.000	0.000	8.928	0.000	0.000	0.000	0.000	0.000	0.000	0.000	0.000	0.000	0.000	0.000	0.000	0.000	0.000	0.000
6	0.127	0.000	0.000	0.000	0.000	0.000	0.000	0.468	0.000	0.000	7.171	0.000	0.000	0.000	0.000	0.000	0.000	0.000	0.000	0.000	0.000	0.000	0.000	0.000	0.000	0.000
7	0.148	0.000	0.000	0.000	0.000	0.000	0.000	0.419	0.000	0.000	6.018	0.000	0.000	0.000	0.000	0.000	0.000	0.000	0.000	0.000	0.000	0.000	0.000	0.000	0.000	0.000
8	0.169	0.000	0.000	0.000	0.000	0.000	0.000	0.443	0.000	0.000	5.496	0.000	0.000	0.000	0.000	0.000	0.000	0.000	0.000	0.000	0.000	0.000	0.000	0.000	0.010	0.000
9	0.191	0.000	0.000	0.000	0.000	0.000	0.000	0.544	0.000	0.000	5.398	0.000	0.000	0.000	0.000	0.000	0.000	0.000	0.000	0.000	0.000	0.000	0.000	0.000	0.259	0.000
10	0.212	0.000	0.000	0.000	0.000	0.000	0.000	0.694	0.000	0.000	5.386	0.000	0.000	0.000	0.000	0.000	0.000	0.000	0.000	0.000	0.000	0.000	0.000	0.000	0.630	0.000
11	0.233	0.000	0.000	0.000	0.000	0.000	0.000	0.880	0.000	0.000	5.310	0.000	0.000	0.000	0.000	0.000	0.000	0.000	0.000	0.000	0.000	0.000	0.000	0.000	0.984	0.000
12	0.254	0.000	0.000	0.000	0.000	0.000	0.000	1.110	0.000	0.000	5.201	0.000	0.000	0.000	0.000	0.000	0.000	0.000	0.000	0.000	0.000	0.000	0.000	0.000	0.987	0.000
13	0.275	0.000	0.000	0.000	0.000	0.000	0.000	1.367	0.000	0.000	5.300	0.000	0.000	0.000	0.000	0.000	0.000	0.000	0.000	0.000	0.000	0.000	0.000	0.000	1.077	0.000
14	0.297	0.000	0.000	0.000	0.000	0.000	0.000	1.564	0.000	0.000	5.798	0.000	0.000	0.000	0.000	0.000	0.000	0.000	0.000	0.000	0.000	0.000	0.000	0.000	1.455	0.000
15	0.318	0.000	0.000	0.000	0.000	0.000	0.000	1.592	0.000	0.000	6.716	0.006	0.000	0.000	0.000	0.000	0.000	0.000	0.000	0.000	0.000	0.000	0.000	0.000	2.061	0.000
16	0.339	0.000	0.000	0.000	0.000	0.000	0.000	1.490	0.000	0.000	8.053	0.713	0.000	0.000	0.000	0.000	0.000	0.000	0.000	0.000	0.000	0.000	0.000	0.000	2.882	0.000
17	0.360	0.000	0.000	0.000	0.000	0.000	0.000	1.224	0.000	0.000	9.302	2.445	0.000	0.001	0.000	0.000	0.000	0.000	0.000	0.000	0.000	0.000	0.000	0.000	3.454	0.000
18	0.381	1.296	0.000	0.000	0.000	0.043	0.000	0.954	0.000	8.370E-5	9.788	3.500	0.000	0.091	0.000	0.021	0.000	0.000	0.000	0.000	0.000	0.000	0.000	0.000	3.567	0.000
19	0.403	2.018	0.000	0.000	0.000	0.227	0.000	0.927	0.000	0.028	9.119	3.356	1.160E-4	0.536	0.000	0.062	0.000	0.000	0.000	0.000	0.000	0.039	0.000	0.000	3.733	0.000
20	0.424	2.839	0.000	0.000	0.000	0.327	5.065E-4	0.854	0.000	0.074	7.523	3.132	0.013	1.518	0.000	0.086	0.000	0.000	0.000	0.329	0.000	0.217	0.000	0.000	3.906	1.577E-5
21	0.445	3.821	0.000	0.000	0.000	0.441	0.037	0.543	0.000	0.105	5.768	3.013	0.059	2.329	0.000	0.333	0.000	0.000	0.000	1.078	7.959E-5	0.288	0.000	0.000	4.067	4.615E-4
22	0.466	6.062	0.402	0.000	0.000	0.592	0.336	0.604	0.284	0.157	4.638	2.953	0.234	2.543	0.000	2.390	0.000	0.000	0.000	1.326	0.028	0.411	0.000	0.000	4.255	0.003
23	0.487	6.088	4.361	0.000	0.000	0.812	1.068	1.772	3.413	0.194	4.294	2.951	0.378	2.223	0.194	3.444	0.000	0.000	0.000	2.166	0.094	0.742	0.000	0.000	4.546	0.010
24	0.508	5.590	8.848	0.000	1.424	1.132	2.171	3.084	4.163	0.214	4.473	3.073	0.418	2.036	1.006	3.242	0.000	0.000	0.000	3.894	0.180	1.614	0.000	0.000	5.071	0.021
25	0.530	4.774	11.220	0.059	12.359	1.592	3.710	3.042	4.082	0.253	4.893	3.360	0.461	2.067	1.414	2.901	0.011	0.000	0.004	5.394	0.265	3.594	2.375E-6	0.474	5.638	0.032
26	0.551	3.930	10.878	2.882	12.815	2.332	5.298	2.978	4.055	0.323	5.055	3.797	0.504	2.345	1.756	2.759	0.124	0.296	0.132	5.630	0.419	7.310	0.010	3.597	6.071	0.044
27	0.572	3.288	10.976	5.906	8.044	3.746	6.135	2.971	4.473	0.435	4.962	4.274	0.650	2.863	1.893	2.950	0.341	0.947	0.242	5.288	0.830	12.564	0.007	6.354	6.453	0.054
28	0.593	2.938	11.333	5.764	5.228	6.748	5.862	2.849	5.075	0.634	4.937	4.607	0.961	3.417	1.767	3.385	0.522	1.649	0.292	4.939	1.969	17.088	0.012	6.609	6.970	0.058
29	0.614	2.853	11.701	5.438	4.067	12.851	5.100	2.595	5.175	1.047	4.761	4.744	1.516	3.465	1.555	3.873	0.468	2.370	0.347	4.888	4.532	19.034	0.019	5.060	7.478	0.079
30	0.636	2.943	11.859	5.072	3.950	23.559	4.540	2.352	5.058	1.843	4.545	4.775	2.541	2.976	1.307	4.116	0.324	2.961	0.459	5.032	8.792	16.931	0.020	3.930	7.746	0.099
31	0.657	3.099	11.941	4.546	4.527	38.239	4.286	2.307	4.645	3.099	4.620	4.731	4.362	2.320	1.107	4.003	0.218	3.678	0.689	5.558	13.390	12.687	0.019	3.663	7.813	0.104
32	0.678	3.242	12.134	3.879	5.521	51.878	4.161	2.573	3.956	4.702	5.181	4.553	7.251	1.957	1.021	3.683	0.191	4.530	1.075	6.865	16.695	8.877	0.030	4.220	7.931	0.092
33	0.699	3.380	12.360	3.223	6.547	58.723	4.186	3.152	3.159	6.369	6.551	4.304	11.054	1.888	1.066	3.432	0.237	5.296	1.498	9.235	18.286	6.196	0.053	5.277	8.310	0.089
34	0.720	3.572	12.359	2.735	7.163	57.343	4.424	3.918	2.476	7.955	8.586	4.111	14.963	2.020	1.206	3.443	0.383	5.501	1.728	12.792	18.033	4.625	0.085	6.223	8.976	0.118
35	0.742	3.810	12.008	2.470	7.026	50.310	4.886	4.681	2.068	9.514	10.727	4.035	17.855	2.227	1.309	3.876	0.675	5.044	1.734	17.523	15.717	3.880	0.140	6.205	9.739	0.227
36	0.763	4.025	11.445	2.397	6.344	40.647	5.479	5.298	1.942	11.300	12.167	4.130	19.044	2.444	1.266	4.806	1.116	4.156	1.703	22.989	12.351	3.626	0.249	5.216	10.374	0.563
37	0.784	4.182	10.897	2.491	5.653	30.414	5.877	5.766	2.050	13.378	12.567	4.354	18.894	2.655	1.091	5.880	1.636	3.351	1.783	28.032	9.183	3.619	0.418	3.861	10.659	1.464
38	0.805	4.296	10.493	2.707	5.361	21.148	6.210	6.192	2.390	15.520	12.329	4.676	18.366	2.895	0.966	6.506	2.199	2.786	1.981	30.974	7.000	3.694	0.621	2.861	10.584	3.212
39	0.826	4.371	10.152	3.045	5.489	14.001	6.417	6.733	2.982	17.038	12.282	5.031	18.288	3.214	1.003	6.457	2.944	2.589	2.282	30.869	5.942	3.744	0.837	2.357	10.329	5.428
40	0.847	4.401	9.772	3.436	5.826	9.245	6.628	7.455	3.727	16.987	12.781	5.310	18.951	3.619	1.238	5.963	4.166	2.642	2.636	28.106	5.875	3.756	1.086	2.288	9.998	6.943
41	0.869	4.363	9.405	3.844	5.964	6.401	6.726	8.184	4.302	15.159	13.743	5.451	20.208	4.070	1.687	5.444	6.332	2.797	3.020	24.086	6.791	3.831	1.386	2.642	9.645	7.153
42	0.890	4.236	9.084	4.338	5.772	4.752	6.667	8.635	4.475	12.129	14.665	5.509	21.733	4.436	2.290	5.215	10.087	2.864	3.426	19.910	8.565	4.028	1.683	3.653	9.246	6.768
43	0.911	4.055	8.649	4.984	5.397	3.771	6.426	8.713	4.304	9.189	14.972	5.561	23.460	4.636	2.936	5.372	16.019	2.786	3.876	16.392	10.680	4.211	1.905	5.850	8.812	6.827
44	0.932	3.877	7.916	5.908	5.090	3.198	6.151	8.727	4.102	7.175	14.397	5.700	25.639	4.707	3.482	5.889	24.193	2.743	4.301	13.695	12.038	4.199	2.104	9.895	8.451	7.686
45	0.953	3.725	6.935	6.988	4.865	2.943	6.022	9.071	4.136	6.164	12.902	6.125	28.436	4.853	3.719	6.584	33.593	2.887	4.600	11.866	11.840	4.028	2.435	15.743	8.273	9.186
46	0.975	3.606	6.001	8.114	4.639	2.978	6.101	9.688	4.645	5.739	10.753	7.000	31.051	5.107	3.630	7.447	42.349	3.335	4.686	11.015	10.418	3.968	3.024	21.011	8.215	10.686
47	0.996	3.511	5.387	9.344	4.401	3.244	6.370	9.969	5.832	5.536	8.362	8.214	31.605	5.360	3.439	8.733	48.973	3.914	4.655	11.144	8.582	4.294	3.929	22.489	8.223	11.800
48	1.017	3.403	5.147	11.169	4.375	3.580	6.694	9.372	7.741	5.331	6.272	9.290	28.579	5.455	3.494	11.040	52.748	4.364	4.668	12.199	7.001	5.024	5.122	19.794	8.285	12.206
49	1.038	3.291	5.129	14.498	4.848	3.716	7.000	8.151	10.186	5.171	4.732	9.760	22.535	5.305	4.286	14.738	53.680	4.592	4.866	13.858	5.777	5.792	6.393	15.778	8.410	11.545
50	1.059	3.258	5.120	19.995	6.035	3.510	7.115	7.073	12.852	5.127	3.743	9.735	15.786	4.979	6.739	19.151	51.977	4.953	5.346	15.547	4.904	6.140	7.355	12.982	8.513	9.982
51	1.081	3.359	4.983	26.428	7.754	3.132	6.987	6.656	15.636	5.174	3.178	9.601	10.324	4.606	13.007	22.568	47.981	5.896	6.058	16.457	4.312	5.973	7.674	11.859	8.373	8.061
52	1.102	3.540	4.686	29.937	9.383	2.877	6.610	7.024	18.565	5.324	2.920	9.698	6.703	4.377	25.858	23.521	42.581	7.794	6.811	15.885	3.868	5.561	7.367	11.800	8.075	6.457
53	1.123	3.679	4.305	26.443	10.291	2.927	6.213	8.117	21.305	5.659	2.899	10.078	4.466	4.244	43.854	21.094	36.738	10.525	7.274	14.102	3.548	5.160	6.868	11.894	7.726	5.319
54	1.144	3.695	3.976	17.698	10.509	3.323	5.901	9.716	22.976	6.231	3.058	10.609	3.016	4.094	56.536	15.575	31.322	13.280	7.162	12.046	3.300	4.860	6.678	11.379	7.185	4.600
55	1.165	3.588	3.771	9.395	10.441	4.060	5.698	11.507	22.640	7.030	3.463	11.022	2.036	3.888	51.910	9.199	26.750	14.394	6.452	10.452	3.216	4.694	6.875	10.128	6.154	4.249
56	1.186	3.415	3.696	4.557	10.543	5.134	5.500	13.113	20.072	7.723	4.164	10.991	1.382	3.657	34.256	4.466	23.004	12.838	5.482	9.759	3.375	4.760	6.989	8.680	4.765	4.228
57	1.208	3.295	3.816	2.438	11.281	6.501	5.302	14.354	16.028	7.834	5.224	10.306	0.951	3.483	17.009	1.948	20.057	9.168	4.641	9.900	3.776	5.220	6.515	7.551	3.531	4.478
58	1.229	3.377	4.244	1.605	12.925	7.915	5.195	15.434	11.850	7.119	6.583	9.022	0.651	3.405	7.298	0.856	17.856	5.323	4.156	10.620	4.288	6.277	5.611	7.208	2.599	4.887
59	1.250	3.767	5.040	1.257	15.694	8.852	5.384	16.682	8.686	6.181	7.789	7.523	0.447	3.370	3.193	0.415	16.356	2.582	4.121	11.492	4.710	8.034	4.800	7.862	1.857	5.287
60	1.271	4.496	6.187	1.034	18.757	8.832	6.090	18.231	6.890	5.594	8.366	6.252	0.325	3.270	1.627	0.230	15.475	1.107	4.542	12.287	4.942	10.194	4.353	9.717	1.211	5.525
61	1.292	5.543	7.626	0.847	20.137	7.918	7.727	19.988	6.280	5.396	7.810	5.469	0.259	3.094	0.980	0.150	15.114	0.484	5.446	12.847	5.068	11.850	4.240	12.594	0.693	5.580
62	1.314	6.845	9.306	0.690	18.056	6.712	10.947	21.713	6.472	5.300	6.578	5.136	0.222	3.070	0.639	0.109	15.174	0.261	6.971	12.853	5.218	11.874	4.332	15.371	0.364	5.333
63	1.335	8.269	11.223	0.562	12.980	5.733	16.681	23.243	6.919	5.093	5.216	5.013	0.205	3.365	0.418	0.082	15.569	0.177	9.247	11.698	5.478	9.879	4.493	15.725	0.203	4.763
64	1.356	9.599	13.405	0.433	7.375	5.107	25.602	24.487	6.970	5.088	4.213	4.857	0.202	3.904	0.257	0.065	16.409	0.137	11.850	9.749	5.935	6.746	4.545	12.838	0.138	4.032
65	1.377	10.661	15.798	0.252	3.081	4.789	37.370	25.356	6.260	5.276	3.611	4.589	0.201	4.332	0.145	0.062	17.647	0.102	13.655	7.463	6.765	3.739	4.253	7.931	0.114	3.394
66	1.398	11.529	17.997	0.099	1.216	4.780	49.524	25.988	5.009	4.949	3.293	4.277	0.206	4.460	0.075	0.066	18.893	0.073	13.431	5.147	8.074	0.770	3.636	3.793	0.099	3.018
67	1.420	12.587	19.289	0.030	0.572	5.192	57.986	26.470	3.783	4.614	2.976	3.999	0.220	4.364	0.031	0.061	19.575	0.052	9.543	3.339	9.629	0.000	3.097	1.489	0.076	2.872
68	1.441	14.382	19.225	0.013	0.333	6.121	58.080	26.611	2.982	5.462	2.532	3.774	0.212	4.353	0.006	0.046	19.372	0.033	5.881	2.174	10.514	0.000	2.961	0.491	0.054	2.667
69	1.462	17.243	18.028	0.011	0.196	7.345	49.775	26.430	2.540	7.374	1.902	3.602	0.163	4.675	0.001	0.028	18.081	0.017	3.892	1.451	9.971	0.000	3.117	0.119	0.042	2.469
70	1.483	20.641	16.313	0.010	0.105	8.703	36.615	26.591	1.770	10.458	1.275	3.511	0.118	5.582	0.002	0.008	15.123	0.006	2.550	0.997	7.916	0.000	0.133	0.035	0.037	2.406
71	1.504	22.767	13.667	5.791E-4	0.027	9.905	23.216	27.526	0.881	15.051	0.763	3.543	0.105	7.183	5.081E-4	0.002	8.645	5.352E-4	1.065	0.813	5.023	0.000	0.000	0.003	0.035	2.387
72	1.525	21.468	10.483	0.000	0.000	10.590	12.808	27.624	0.306	20.214	0.404	3.677	0.110	8.697	0.000	0.004	0.458	0.000	0.033	0.679	2.352	0.000	0.000	0.000	0.029	2.337
73	1.547	16.557	7.868	0.000	0.000	10.243	6.664	26.289	0.107	23.505	0.172	3.812	0.114	8.766	0.000	0.009	0.000	0.000	0.000	0.621	0.712	0.000	0.000	0.000	0.027	1.971
74	1.568	10.473	4.929	0.000	0.000	8.593	3.125	22.805	0.098	23.206	0.062	3.860	0.086	6.837	0.000	0.011	0.000	0.000	0.000	0.582	0.136	0.000	0.000	0.000	0.031	1.240
75	1.589	5.731	1.207	0.000	0.000	5.733	0.896	19.988	0.026	20.391	0.024	3.893	0.027	3.928	0.000	4.516E-4	0.000	0.000	0.000	0.505	0.006	0.000	0.000	0.000	0.036	0.286
76	1.610	0.000	0.249	0.000	0.000	3.043	0.038	17.483	0.000	17.600	0.013	3.878	3.636E-4	1.448	0.000	0.000	0.000	0.000	0.000	0.276	0.000	0.000	0.000	0.000	0.033	9.790E-4
77	1.631	0.000	0.000	0.000	0.000	1.199	0.000	14.606	0.000	16.494	0.007	3.454	0.000	0.326	0.000	0.000	0.000	0.000	0.000	0.022	0.000	0.000	0.000	0.000	0.022	0.000
78	1.653	0.000	0.000	0.000	0.000	0.150	0.000	11.723	0.000	17.074	0.006	2.301	0.000	0.013	0.000	0.000	0.000	0.000	0.000	0.000	0.000	0.000	0.000	0.000	0.012	0.000
79	1.674	0.000	0.000	0.000	0.000	0.000	0.000	8.904	0.000	18.324	0.007	0.194	0.000	0.000	0.000	0.000	0.000	0.000	0.000	0.000	0.000	0.000	0.000	0.000	0.007	0.000
80	1.695	0.000	0.000	0.000	0.000	0.000	0.000	6.452	0.000	19.243	0.007	0.000	0.000	0.000	0.000	0.000	0.000	0.000	0.000	0.000	0.000	0.000	0.000	0.000	0.002	0.000
81	1.716	0.000	0.000	0.000	0.000	0.000	0.000	4.582	0.000	18.657	9.707E-4	0.000	0.000	0.000	0.000	0.000	0.000	0.000	0.000	0.000	0.000	0.000	0.000	0.000	0.001	0.000
82	1.737	0.000	0.000	0.000	0.000	0.000	0.000	3.280	0.000	16.361	0.000	0.000	0.000	0.000	0.000	0.000	0.000	0.000	0.000	0.000	0.000	0.000	0.000	0.000	1.592E-4	0.000
83	1.759	0.000	0.000	0.000	0.000	0.000	0.000	1.944	0.000	12.702	0.000	0.000	0.000	0.000	0.000	0.000	0.000	0.000	0.000	0.000	0.000	0.000	0.000	0.000	0.000	0.000
84	1.780	0.000	0.000	0.000	0.000	0.000	0.000	1.335	0.000	8.719	0.000	0.000	0.000	0.000	0.000	0.000	0.000	0.000	0.000	0.000	0.000	0.000	0.000	0.000	0.000	0.000
85	1.801	0.000	0.000	0.000	0.000	0.000	0.000	0.395	0.000	5.511	0.000	0.000	0.000	0.000	0.000	0.000	0.000	0.000	0.157	0.000	0.000	0.000	0.000	0.000	0.000	0.000
86	1.822	0.000	0.000	0.000	0.000	0.000	0.000	0.000	0.000	3.391	0.000	0.000	0.000	0.000	0.000	0.000	0.000	0.000	0.452	0.000	0.000	0.000	0.000	0.000	0.000	0.000
87	1.843	0.000	0.000	0.000	0.000	0.000	0.000	0.000	0.000	2.241	0.000	0.000	0.000	0.000	0.000	0.000	0.000	0.000	0.640	0.000	0.000	0.000	0.000	0.000	0.000	0.000
88	1.864	0.000	0.000	0.000	0.000	0.000	0.000	0.000	0.000	1.663	0.000	0.000	0.000	0.000	0.000	0.000	0.000	0.000	0.969	0.000	0.000	0.000	0.000	0.000	0.000	0.000
89	1.886	0.000	0.000	0.000	0.000	0.000	0.000	0.000	0.000	1.406	0.000	0.000	0.000	0.000	0.000	0.000	0.000	0.000	1.552	0.000	0.000	0.000	0.000	0.000	0.000	0.000
90	1.907	0.000	0.000	0.000	0.000	0.000	0.000	0.000	0.000	1.288	0.000	0.000	0.000	0.000	0.000	0.000	0.000	0.000	2.453	0.000	0.000	0.000	0.000	0.000	0.000	0.000
91	1.928	0.000	0.000	0.000	0.000	0.000	0.000	0.000	0.000	1.200	0.000	0.000	0.000	0.000	0.000	0.000	0.000	0.000	3.450	0.000	0.000	0.000	0.000	0.000	0.000	0.000
92	1.949	0.000	0.000	0.000	0.000	0.000	0.000	0.000	0.000	1.075	0.000	0.000	0.000	0.000	0.000	0.000	0.000	0.000	4.252	0.000	0.000	0.000	0.000	0.000	0.000	0.000
93	1.970	0.000	0.000	0.000	0.000	0.000	0.000	0.000	0.000	0.885	0.000	0.000	0.000	0.000	0.000	0.000	0.000	0.000	5.005	0.000	0.000	0.000	0.000	0.000	0.000	0.000
94	1.992	0.000	0.000	0.000	0.000	0.000	0.000	0.000	0.000	0.658	0.000	0.000	0.000	0.000	0.000	0.000	0.000	0.000	5.061	0.000	0.000	0.000	0.000	0.000	0.000	0.000
95	2.013	0.000	0.000	0.000	0.000	0.000	0.000	0.000	0.000	0.434	0.000	0.000	0.000	0.000	0.000	0.000	0.000	0.000	4.641	0.000	0.000	0.000	0.000	0.000	0.000	0.000
96	2.034	0.000	0.000	0.000	0.000	0.000	0.000	0.000	0.000	0.000	0.000	0.000	0.000	0.000	0.000	0.000	0.000	0.000	0.000	0.000	0.000	0.000	0.000	0.000	0.000	0.000
