 	x	1	2	3	4	5	6	7	8	9	10	11	12	13	14	15	16	17	18	19	20	21	22	23	24	25
1	0.021	0.000	0.000	0.000	0.000	0.000	0.000	5.744	0.000	0.000	0.000	0.000	0.000	0.000	0.000	0.000	0.000	0.000	0.000	0.000	0.000	0.000	0.000	0.000	0.000	0.000
2	0.042	0.000	0.000	0.000	0.000	0.000	0.000	5.859	0.000	0.000	0.000	0.000	0.000	0.000	0.000	0.000	0.000	0.000	0.000	0.000	0.000	0.000	0.000	0.000	0.000	0.000
3	0.064	0.000	0.000	0.000	0.000	0.000	0.000	5.945	0.000	0.000	0.238	0.000	0.000	0.000	0.000	0.000	0.000	0.000	0.000	0.000	0.000	0.000	0.000	0.000	0.000	0.000
4	0.085	0.000	0.000	0.000	0.000	0.000	0.000	5.859	0.000	0.000	0.109	0.000	0.000	0.000	0.000	0.000	0.000	0.000	0.000	0.000	0.000	0.000	0.000	0.000	0.000	0.000
5	0.106	0.000	0.000	0.000	0.000	0.000	0.000	5.331	0.000	0.000	0.000	0.000	0.000	0.000	0.000	0.000	0.000	0.000	0.000	0.000	0.000	0.000	0.000	0.000	0.000	0.000
6	0.127	0.000	0.000	0.000	0.000	0.000	0.000	4.547	0.000	0.000	0.000	0.000	0.000	0.000	0.000	0.000	0.000	0.000	0.000	0.000	0.000	0.000	0.000	0.000	0.000	0.000
7	0.148	0.000	0.000	0.000	0.000	0.000	0.000	3.944	0.000	0.000	0.000	0.000	0.000	0.000	0.000	0.000	0.000	0.000	0.000	0.000	0.000	0.000	0.000	0.000	0.000	0.000
8	0.169	0.000	0.000	0.000	0.000	0.000	0.000	3.711	0.000	0.000	0.000	0.000	0.000	0.000	0.000	0.000	0.000	0.000	0.000	0.000	0.000	0.000	0.000	0.000	0.000	0.000
9	0.191	0.000	0.000	0.000	0.000	0.000	0.000	3.782	0.000	0.000	0.000	0.000	0.000	0.000	0.000	0.000	0.000	0.000	0.000	0.000	0.000	0.000	0.000	0.000	0.000	0.000
10	0.212	0.000	0.000	0.000	0.000	0.000	0.000	4.031	0.000	0.000	0.000	0.000	0.000	0.000	0.000	0.000	0.000	0.000	0.000	0.000	0.000	0.000	0.000	0.000	0.000	0.000
11	0.233	0.000	0.000	0.000	0.000	0.000	0.000	4.379	0.000	0.000	0.000	0.000	0.000	0.000	0.000	0.000	0.000	0.000	0.000	0.000	0.000	0.000	0.000	0.000	0.000	0.000
12	0.254	0.000	0.000	0.000	0.000	0.000	0.000	4.708	0.000	0.000	0.000	0.000	0.000	0.000	0.000	0.000	0.000	0.000	0.000	0.000	0.000	0.000	0.000	0.000	0.000	0.000
13	0.275	0.000	0.000	0.000	0.000	0.000	0.000	4.820	0.000	0.000	0.000	0.000	0.000	0.000	0.000	0.000	0.000	0.000	0.000	0.000	0.000	0.000	0.000	0.000	0.000	0.000
14	0.297	0.000	0.000	0.000	0.000	0.000	0.000	4.592	0.000	0.000	0.000	0.000	0.000	0.000	0.000	0.000	0.000	0.000	0.000	0.000	0.000	0.000	0.000	0.000	0.000	0.000
15	0.318	0.000	0.000	0.000	0.000	0.000	0.000	4.145	0.000	0.000	3.033	0.000	0.000	0.000	0.000	0.000	0.000	0.000	0.000	0.000	0.000	0.000	0.000	0.000	0.454	0.000
16	0.339	0.000	0.000	0.000	0.000	0.000	0.000	3.669	0.000	0.000	7.946	0.113	0.000	0.000	0.000	0.000	0.000	0.000	0.000	0.000	0.000	0.000	0.000	0.000	2.632	0.000
17	0.360	0.000	0.000	0.000	0.000	0.000	0.000	3.323	0.000	0.000	7.462	0.551	0.000	0.046	0.000	0.000	0.000	0.000	0.000	0.000	0.000	0.000	0.000	0.000	4.527	0.000
18	0.381	0.000	0.000	0.000	0.000	0.023	0.000	3.175	0.000	0.000	5.138	1.126	0.000	0.625	0.000	0.000	0.000	0.000	0.000	0.000	0.000	0.000	0.000	0.000	5.124	0.000
19	0.403	0.000	0.000	0.000	0.000	0.162	0.000	3.300	0.000	0.000	3.152	1.965	0.008	1.830	0.000	0.000	0.000	0.000	0.000	0.000	0.000	0.000	0.000	0.000	4.550	0.000
20	0.424	0.000	0.000	0.000	0.000	0.331	8.459E-4	3.748	0.000	0.000	2.338	3.028	0.187	3.486	0.000	0.000	0.000	0.000	0.000	0.578	0.004	0.000	0.000	0.000	3.864	0.000
21	0.445	0.000	0.938	0.000	0.000	0.474	0.207	3.936	0.000	0.000	2.256	4.195	0.523	4.857	0.000	0.000	0.000	0.000	0.000	3.515	0.043	0.000	0.000	0.000	3.290	0.000
22	0.466	4.114	13.905	0.000	0.000	0.637	1.655	1.549	0.533	0.000	2.459	5.209	0.523	5.243	0.000	0.005	0.000	0.000	0.000	3.820	0.122	0.000	0.000	0.000	2.960	0.000
23	0.487	4.894	13.377	0.000	0.000	0.910	4.950	0.424	1.838	0.000	2.584	5.716	0.416	4.817	0.000	1.826	0.000	0.000	0.000	4.077	0.289	0.000	0.000	0.000	2.977	0.000
24	0.508	7.196	8.148	0.000	0.000	1.277	7.231	1.218	1.944	9.186E-4	2.414	5.751	0.293	4.479	0.395	5.326	0.000	0.000	0.000	4.014	0.574	0.000	0.000	0.017	3.234	0.000
25	0.530	7.715	5.422	0.000	0.484	1.663	8.109	1.393	1.932	0.011	2.002	5.745	0.221	4.463	0.990	5.736	0.006	0.000	0.003	4.177	1.283	0.002	2.442E-6	1.309	3.496	0.000
26	0.551	8.883	4.595	0.290	2.623	2.189	7.142	1.340	2.077	0.054	1.617	6.091	0.202	4.641	1.292	5.204	0.077	0.000	0.034	4.691	3.154	0.032	0.007	4.385	3.474	1.070E-4
27	0.572	10.331	5.141	1.449	2.631	3.291	5.253	1.251	2.536	0.157	1.347	6.788	0.228	4.862	1.538	5.038	0.204	0.097	0.080	5.282	7.179	0.137	0.025	6.577	3.129	0.017
28	0.593	11.832	6.848	2.270	2.499	5.772	3.573	1.280	3.458	0.352	1.266	7.642	0.321	5.084	1.827	5.046	0.330	0.541	0.198	5.503	12.841	0.864	0.035	6.094	2.815	0.113
29	0.614	13.390	9.395	3.237	2.659	10.840	2.501	1.396	4.975	0.624	1.318	8.390	0.554	5.049	2.013	4.995	0.349	1.025	0.338	5.090	17.423	9.774	0.024	5.409	2.767	0.179
30	0.636	15.144	11.970	4.148	3.130	19.293	1.986	1.736	6.447	1.073	1.493	8.696	1.053	4.478	1.948	4.705	0.282	1.815	0.368	4.199	17.787	17.025	0.017	4.889	2.895	0.223
31	0.657	17.237	13.590	4.744	3.896	29.929	1.890	2.598	6.243	1.703	1.744	8.318	1.991	3.783	1.746	4.089	0.245	3.245	0.367	3.274	14.724	17.316	0.025	4.512	3.062	0.285
32	0.678	19.802	13.845	4.538	4.641	39.228	2.135	2.953	5.195	2.504	1.960	7.304	3.529	3.335	1.536	3.231	0.274	5.418	0.419	2.687	10.482	14.537	0.052	4.140	3.275	0.421
33	0.699	23.084	13.042	3.572	5.367	43.701	2.617	3.371	4.032	3.563	2.163	6.025	5.613	3.453	1.418	2.374	0.336	6.966	0.528	2.555	7.162	10.956	0.096	3.874	3.747	0.724
34	0.720	27.462	11.737	2.673	5.999	42.711	3.170	3.809	3.254	5.179	2.439	4.953	7.863	3.996	1.390	1.728	0.427	7.562	0.757	2.824	5.196	8.297	0.145	3.832	4.764	1.304
35	0.742	32.768	10.404	2.081	6.433	37.819	3.586	4.159	2.976	7.475	2.990	4.257	9.680	4.558	1.375	1.387	0.594	7.224	1.155	3.506	4.239	7.021	0.196	4.018	6.371	2.331
36	0.763	37.332	9.344	1.778	6.730	30.898	3.704	4.346	3.055	9.956	3.961	3.857	10.672	4.738	1.296	1.332	0.900	6.165	1.716	4.646	3.736	6.772	0.271	4.327	8.346	4.041
37	0.784	38.534	8.648	1.738	6.802	23.192	3.682	4.472	3.282	11.217	5.302	3.690	10.745	4.548	1.161	1.551	1.369	4.980	2.230	6.129	3.443	6.888	0.434	4.658	10.083	6.611
38	0.805	35.213	8.245	1.975	6.600	15.929	3.655	4.776	3.499	10.508	6.904	3.754	10.171	4.332	1.060	2.045	2.031	3.998	2.499	7.737	3.352	6.771	0.818	4.770	10.950	9.402
39	0.826	28.926	8.044	2.565	6.273	10.274	3.703	5.419	3.623	8.572	8.437	4.001	9.336	4.460	1.129	2.795	3.021	3.395	2.596	9.077	3.547	6.270	1.585	4.563	10.835	11.365
40	0.847	22.258	8.033	3.646	6.037	6.660	3.676	6.311	3.719	6.667	10.067	4.249	8.634	5.179	1.502	3.580	4.576	3.092	2.851	10.276	4.059	5.612	2.728	4.170	10.164	12.081
41	0.869	16.770	8.152	5.395	6.091	4.744	3.641	7.193	3.997	5.410	11.358	4.306	8.285	6.413	2.301	4.094	6.991	2.982	3.634	11.733	4.766	5.066	3.927	4.001	9.420	11.742
42	0.890	12.770	8.155	7.720	6.250	3.993	3.775	8.095	4.737	4.778	11.932	4.140	8.287	7.769	3.573	4.153	10.556	2.883	5.141	13.499	5.530	4.845	4.790	4.332	8.743	10.757
43	0.911	10.044	7.689	10.037	6.346	4.079	4.361	9.326	6.091	4.662	10.876	3.895	8.498	8.471	5.114	4.009	15.453	2.800	6.873	14.667	6.275	5.094	5.201	5.486	8.153	9.276
44	0.932	8.305	6.724	11.494	6.217	4.865	5.379	11.391	7.941	4.931	8.884	3.678	8.724	8.074	6.565	4.087	21.377	2.890	7.696	14.081	7.024	5.803	5.391	7.442	7.658	7.501
45	0.953	7.260	5.716	11.840	6.016	6.059	6.640	14.463	9.717	5.444	6.930	3.490	8.923	6.986	7.580	4.750	27.328	3.314	6.964	11.566	7.700	6.640	5.742	9.670	7.285	5.822
46	0.975	6.613	5.159	11.582	5.796	6.957	7.536	17.865	10.743	6.010	5.827	3.335	9.196	5.880	8.059	6.300	32.113	4.220	5.466	8.459	7.970	7.059	6.548	10.936	7.046	4.654
47	0.996	6.127	5.186	11.671	5.366	6.786	7.640	20.129	10.938	6.349	5.470	3.247	9.437	5.195	8.195	9.051	35.029	5.467	4.196	6.000	7.657	6.782	7.851	10.298	6.989	4.053
48	1.017	5.756	5.517	13.225	4.691	5.592	6.958	20.167	10.896	6.468	5.492	3.293	9.359	4.912	8.210	13.400	36.261	6.840	3.542	4.539	6.907	6.060	9.334	8.531	7.203	3.887
49	1.038	5.633	5.674	17.268	3.924	4.193	6.053	18.218	11.301	6.671	5.441	3.502	8.782	4.834	8.316	19.578	36.182	8.055	3.517	3.815	6.114	5.345	10.297	7.010	7.631	3.991
50	1.059	5.888	5.435	24.154	3.354	3.184	5.445	15.785	12.499	7.262	4.931	3.838	7.836	4.810	8.921	27.203	35.096	8.941	4.100	3.506	5.659	4.889	10.020	6.420	8.124	4.171
51	1.081	6.458	4.943	31.616	3.061	2.702	5.352	13.975	14.294	8.456	4.104	4.210	6.766	4.870	10.995	34.619	33.350	9.580	5.262	3.478	5.734	4.723	8.492	6.575	8.469	4.297
52	1.102	6.988	4.428	34.281	3.024	2.698	5.709	13.005	16.097	9.834	3.271	4.539	5.732	5.029	16.303	39.807	31.377	10.741	6.854	3.584	6.315	4.752	6.529	7.141	8.478	4.323
53	1.123	7.051	4.016	29.054	3.191	3.131	6.161	12.488	16.989	10.391	2.710	4.852	4.703	5.281	26.409	41.252	29.604	13.448	8.412	3.781	6.945	4.833	4.963	7.707	8.272	4.208
54	1.144	6.622	3.701	19.098	3.472	3.992	6.353	11.921	16.284	9.620	2.355	5.212	3.604	5.388	39.106	38.671	28.249	17.820	9.361	4.140	6.972	4.888	4.087	8.090	8.193	3.870
55	1.165	5.992	3.435	10.476	3.890	5.295	5.922	10.979	14.139	7.701	2.195	5.600	2.499	5.130	45.878	31.860	27.101	22.682	9.337	4.704	6.160	4.958	3.784	8.040	8.421	3.326
56	1.186	5.298	3.222	5.526	4.552	6.963	5.162	9.773	11.365	5.721	2.092	5.945	1.579	4.551	39.903	22.182	25.691	25.848	8.528	5.614	4.976	5.152	3.752	7.601	8.426	2.781
57	1.208	4.602	3.113	3.264	5.561	8.675	4.435	8.444	8.672	4.216	1.979	6.088	0.966	3.887	25.650	12.659	23.692	25.369	7.422	6.962	4.103	5.533	3.659	7.001	7.378	2.458
58	1.229	4.137	3.104	2.253	7.163	9.876	4.078	7.112	6.341	3.506	1.766	5.851	0.621	3.401	13.057	5.973	21.191	21.061	6.396	8.866	3.755	6.159	3.359	6.695	5.398	2.530
59	1.250	4.165	3.106	1.692	9.556	10.140	4.041	5.820	4.569	3.539	1.449	5.235	0.421	3.212	5.998	2.491	18.694	14.480	5.694	11.476	3.794	7.247	2.962	7.302	3.407	3.194
60	1.271	4.832	3.048	1.283	12.740	9.727	4.295	4.553	3.372	4.075	1.126	4.587	0.279	3.355	2.961	1.010	16.800	8.354	5.422	15.211	4.021	9.209	2.639	9.303	2.082	4.716
61	1.292	6.139	2.949	0.954	15.554	9.441	4.737	3.329	2.622	4.886	0.816	4.282	0.173	3.804	1.717	0.446	15.928	4.191	5.596	19.709	4.340	12.135	2.428	12.840	1.413	7.178
62	1.314	7.962	2.903	0.710	15.899	10.058	5.533	2.310	2.156	5.482	0.557	4.476	0.105	4.372	1.110	0.239	16.269	2.011	6.232	24.405	4.875	14.894	2.257	16.561	1.071	9.858
63	1.335	10.202	3.028	0.507	12.615	11.879	7.012	1.507	1.807	5.638	0.346	5.026	0.080	4.792	0.727	0.161	17.675	1.031	7.280	28.584	5.949	15.268	2.095	17.920	0.793	11.179
64	1.356	12.911	3.452	0.348	7.626	14.448	9.794	0.963	1.532	5.560	0.214	5.514	0.092	4.887	0.460	0.135	19.707	0.616	8.434	31.516	7.634	12.278	2.045	15.134	0.524	10.435
65	1.377	16.217	4.336	0.230	3.753	16.180	14.359	0.659	1.285	5.369	0.128	5.446	0.135	4.811	0.285	0.128	21.648	0.401	9.084	33.262	9.612	4.717	2.231	9.867	0.309	8.387
66	1.398	20.253	5.844	0.147	1.736	15.263	20.835	0.520	1.012	5.114	0.075	4.694	0.158	4.634	0.176	0.122	21.804	0.279	8.797	35.176	10.915	0.138	2.669	5.145	0.179	6.267
67	1.420	25.098	7.943	0.094	0.911	12.149	27.862	0.470	0.710	4.763	0.036	3.678	0.106	4.546	0.089	0.110	19.714	0.213	7.754	37.955	10.506	0.000	3.192	2.215	0.116	4.852
68	1.441	30.515	9.974	0.068	0.597	8.984	33.057	0.137	0.432	4.522	0.012	2.942	0.041	4.755	0.030	0.100	17.105	0.192	6.341	40.549	8.095	0.000	3.509	0.766	0.080	4.218
69	1.462	35.444	10.508	0.062	0.469	7.490	33.741	0.003	0.233	4.563	0.003	2.781	0.016	4.970	0.007	0.097	14.306	0.197	4.784	41.595	5.093	0.000	3.484	0.273	0.055	4.152
70	1.483	37.719	4.386	0.056	0.389	7.953	29.120	0.000	0.117	5.024	5.291E-4	3.213	0.017	4.292	0.002	0.097	11.505	0.187	3.213	41.502	2.558	0.000	0.048	0.133	0.044	4.319
71	1.504	35.061	0.000	0.007	0.284	10.020	20.912	0.000	0.068	5.882	0.002	4.081	0.035	3.181	0.002	0.078	6.248	0.143	1.489	40.732	1.034	0.000	0.000	0.091	0.052	4.231
72	1.525	27.369	0.000	0.000	0.093	12.611	12.530	0.000	0.075	7.219	0.010	5.030	0.017	2.482	6.486E-5	0.022	0.217	0.043	0.010	38.679	0.314	0.000	0.000	0.072	0.075	3.673
73	1.547	16.366	0.000	0.000	1.612E-4	13.773	6.562	0.000	0.134	9.248	0.033	5.520	0.002	2.143	0.000	1.195E-4	0.000	1.195E-4	0.000	35.792	0.051	0.000	0.000	0.053	0.091	3.000
74	1.568	7.495	0.000	0.000	0.000	12.112	3.272	0.000	0.149	11.958	0.037	5.150	0.000	1.616	0.000	0.000	0.000	0.000	0.000	32.341	0.000	0.000	0.000	0.027	0.068	1.204
75	1.589	0.656	0.000	0.000	0.000	7.285	1.769	0.000	0.008	15.052	0.016	4.197	0.000	0.433	0.000	0.000	0.000	0.000	0.000	28.635	0.000	0.000	0.000	0.009	0.024	0.000
76	1.610	0.000	0.000	0.000	0.000	2.077	1.144	0.000	0.000	17.783	0.002	3.242	0.000	0.000	0.000	0.000	0.000	0.000	0.000	24.579	0.000	0.000	0.000	0.001	0.003	0.000
77	1.631	0.000	0.000	0.000	0.000	0.056	0.855	0.000	0.000	19.758	1.905E-4	2.560	0.000	0.000	0.000	0.000	0.000	0.000	0.013	20.806	0.000	0.000	0.000	1.090E-4	6.073E-5	0.000
78	1.653	0.000	0.000	0.000	0.000	0.000	0.639	0.000	0.000	20.934	9.933E-5	1.682	0.000	0.000	0.000	0.000	0.000	0.000	0.270	16.678	0.000	0.000	0.000	0.000	4.660E-7	0.000
79	1.674	0.000	0.000	0.000	0.000	0.000	0.421	0.000	0.000	21.080	0.001	0.758	0.000	0.000	0.000	0.000	0.000	0.000	0.748	12.060	0.000	0.000	0.000	0.000	0.000	0.000
80	1.695	0.000	0.000	0.000	0.000	0.000	0.250	0.000	0.000	19.531	0.002	0.000	0.000	0.000	0.000	0.000	0.000	0.000	1.400	7.834	0.000	0.000	0.000	0.000	0.000	0.000
81	1.716	0.000	0.000	0.000	0.000	0.000	0.140	0.000	0.000	16.274	0.002	0.000	0.000	0.000	0.000	0.000	0.000	0.000	1.982	4.732	0.000	0.000	0.000	0.000	0.000	0.000
82	1.737	0.000	0.000	0.000	0.000	0.000	0.087	0.000	0.000	12.182	2.042E-4	0.000	0.000	0.000	0.000	0.000	0.000	0.000	2.243	2.657	0.000	0.000	0.000	0.000	0.000	0.000
83	1.759	0.000	0.000	0.000	0.000	0.000	0.071	0.000	0.000	8.563	1.696E-8	0.000	0.000	0.000	0.000	0.000	0.000	0.000	2.278	1.407	0.000	0.000	0.000	0.000	0.000	0.000
84	1.780	0.000	0.000	0.000	0.000	0.000	0.073	0.000	0.000	5.938	0.000	0.000	0.000	0.000	0.000	0.000	0.000	0.000	2.161	0.795	0.000	0.000	0.000	0.000	0.000	0.000
85	1.801	0.000	0.000	0.000	0.000	0.000	0.079	0.000	0.000	4.259	0.000	0.000	0.000	0.000	0.000	0.000	0.000	0.000	2.070	0.316	0.000	0.000	0.000	0.000	0.000	0.000
86	1.822	0.000	0.000	0.000	0.000	0.000	0.078	0.000	0.000	3.273	0.000	0.000	0.000	0.000	0.000	0.000	0.000	0.000	2.104	0.073	0.000	0.000	0.000	0.000	0.000	0.000
87	1.843	0.000	0.000	0.000	0.000	0.000	0.070	0.000	0.000	2.751	0.000	0.000	0.000	0.000	0.000	0.000	0.000	0.000	2.418	0.000	0.000	0.000	0.000	0.000	0.000	0.000
88	1.864	0.000	0.000	0.000	0.000	0.000	0.048	0.000	0.000	2.577	0.000	0.000	0.000	0.000	0.000	0.000	0.000	0.000	2.936	0.000	0.000	0.000	0.000	0.000	0.000	0.000
89	1.886	0.000	0.000	0.000	0.000	0.000	0.035	0.000	0.000	2.665	0.000	0.000	0.000	0.000	0.000	0.000	0.000	0.000	3.465	0.000	0.000	0.000	0.000	0.000	0.000	0.000
90	1.907	0.000	0.000	0.000	0.000	0.000	0.021	0.000	0.000	2.926	0.000	0.000	0.000	0.000	0.000	0.000	0.000	0.000	3.818	0.000	0.000	0.000	0.000	0.000	0.000	0.000
91	1.928	0.000	0.000	0.000	0.000	0.000	0.002	0.000	0.000	3.298	0.000	0.000	0.000	0.000	0.000	0.000	0.000	0.000	3.640	0.000	0.000	0.000	0.000	0.000	0.000	0.000
92	1.949	0.000	0.000	0.000	0.000	0.000	0.000	0.000	0.000	3.795	0.000	0.000	0.000	0.000	0.000	0.000	0.000	0.000	3.501	0.000	0.000	0.000	0.000	0.000	0.000	0.000
93	1.970	0.000	0.000	0.000	0.000	0.000	0.000	0.000	0.000	4.286	0.000	0.000	0.000	0.000	0.000	0.000	0.000	0.000	3.493	0.000	0.000	0.000	0.000	0.000	0.000	0.000
94	1.992	0.000	0.000	0.000	0.000	0.000	0.000	0.000	0.000	4.542	0.000	0.000	0.000	0.000	0.000	0.000	0.000	0.000	3.435	0.000	0.000	0.000	0.000	0.000	0.000	0.000
95	2.013	0.000	0.000	0.000	0.000	0.000	0.000	0.000	0.000	4.430	0.000	0.000	0.000	0.000	0.000	0.000	0.000	0.000	3.203	0.000	0.000	0.000	0.000	0.000	0.000	0.000
96	2.034	0.000	0.000	0.000	0.000	0.000	0.000	0.000	0.000	3.697	0.000	0.000	0.000	0.000	0.000	0.000	0.000	0.000	0.000	0.000	0.000	0.000	0.000	0.000	0.000	0.000
