 	x	1	2	3	4	5	6
1	0.021	0.000	0.000	0.000	0.000	0.000	0.000
2	0.042	0.000	0.000	0.000	0.000	0.000	0.000
3	0.064	0.000	0.000	0.000	0.000	0.000	0.000
4	0.085	0.000	0.000	0.000	0.000	0.000	0.000
5	0.106	0.000	0.000	0.000	0.000	0.000	0.000
6	0.127	0.000	0.000	0.000	0.000	0.000	0.000
7	0.148	0.000	0.000	0.000	0.000	0.000	0.000
8	0.169	0.000	0.000	0.000	0.000	0.000	0.000
9	0.191	0.000	0.000	0.000	0.000	0.000	0.000
10	0.212	0.000	0.000	0.000	0.000	0.000	0.000
11	0.233	0.000	0.000	0.000	0.000	0.000	0.000
12	0.254	0.000	0.000	0.000	0.000	0.000	0.000
13	0.275	0.000	0.000	0.000	0.000	0.000	0.000
14	0.297	0.000	0.000	0.000	0.000	0.000	0.000
15	0.318	0.000	0.000	0.000	0.000	0.000	0.000
16	0.339	0.000	0.000	0.000	0.000	0.000	0.000
17	0.360	0.000	0.000	0.000	0.000	0.000	0.000
18	0.381	0.000	0.000	0.000	0.000	0.000	0.000
19	0.403	0.008	0.000	0.000	0.000	0.000	0.000
20	0.424	0.230	0.000	0.000	0.000	0.000	0.000
21	0.445	0.952	0.000	0.000	0.000	0.000	0.000
22	0.466	1.849	0.000	0.000	0.165	0.060	0.006
23	0.487	3.028	0.000	0.000	0.721	0.301	0.022
24	0.508	5.741	0.000	1.320	0.964	0.946	0.052
25	0.530	10.960	0.004	3.310	1.081	3.119	0.095
26	0.551	20.896	0.392	4.360	1.216	5.051	0.136
27	0.572	35.954	0.864	4.937	1.416	7.964	0.183
28	0.593	51.432	1.001	5.611	1.783	11.669	0.229
29	0.614	58.162	0.981	6.216	2.654	15.721	0.275
30	0.636	52.393	1.043	6.590	4.663	20.111	0.501
31	0.657	39.577	1.293	6.988	8.987	24.326	1.590
32	0.678	27.411	1.695	7.322	16.736	29.418	4.291
33	0.699	19.126	2.167	7.797	27.180	35.484	10.555
34	0.720	14.086	2.652	8.903	37.264	42.803	24.505
35	0.742	11.047	3.206	11.007	43.301	50.789	47.734
36	0.763	9.159	3.858	14.007	43.655	56.311	71.994
37	0.784	7.978	4.694	17.497	39.423	59.539	81.475
38	0.805	7.222	5.891	20.926	32.971	60.227	70.015
39	0.826	6.737	7.674	24.215	26.689	59.650	47.928
40	0.847	6.575	10.143	27.752	21.748	59.636	28.478
41	0.869	6.922	13.431	31.728	18.043	59.259	16.434
42	0.890	7.879	17.861	36.134	15.106	59.243	10.143
43	0.911	9.218	23.799	40.638	12.681	58.581	7.047
44	0.932	10.309	31.355	44.791	10.725	56.999	5.484
45	0.953	10.511	39.878	48.429	9.331	54.642	4.672
46	0.975	9.817	48.235	51.529	8.450	49.669	4.281
47	0.996	8.719	54.999	54.063	8.049	44.306	4.099
48	1.017	7.759	59.652	55.802	8.364	37.845	3.913
49	1.038	7.258	61.901	56.685	10.170	32.441	3.598
50	1.059	7.206	62.583	56.923	14.789	28.185	3.257
51	1.081	7.271	63.037	56.320	23.874	24.179	3.078
52	1.102	7.127	63.552	54.434	37.985	20.717	3.171
53	1.123	6.675	63.842	50.810	54.093	16.788	3.505
54	1.144	6.038	63.059	45.485	65.245	13.881	4.013
55	1.165	5.376	60.288	39.132	66.186	11.318	4.588
56	1.186	4.785	55.040	32.241	56.330	9.565	5.022
57	1.208	4.354	48.770	24.632	40.513	8.712	5.090
58	1.229	4.137	42.662	17.141	25.748	8.090	4.733
59	1.250	4.107	37.084	10.697	15.787	7.735	4.228
60	1.271	4.138	31.618	6.156	10.427	7.633	3.913
61	1.292	4.068	26.379	3.570	7.978	7.707	3.967
62	1.314	3.807	21.878	2.176	6.828	7.886	4.377
63	1.335	3.383	18.659	1.473	6.282	7.659	5.087
64	1.356	2.909	16.820	1.097	6.052	6.835	5.956
65	1.377	2.500	16.069	0.858	5.975	5.710	4.790
66	1.398	2.240	15.789	0.715	6.076	4.674	2.561
67	1.420	2.178	15.179	0.622	6.390	4.075	0.353
68	1.441	2.336	13.095	0.526	6.894	3.897	0.000
69	1.462	2.714	3.948	0.409	7.550	3.869	0.000
70	1.483	3.286	0.578	0.219	8.319	3.625	0.000
71	1.504	3.922	0.010	0.066	8.951	3.732	0.000
72	1.525	4.447	0.000	0.003	8.480	3.545	0.000
73	1.547	4.668	0.000	0.000	6.879	3.034	0.000
74	1.568	3.643	0.000	0.000	4.543	2.519	0.000
75	1.589	2.768	0.000	0.000	2.247	2.137	0.000
76	1.610	2.205	0.000	0.000	0.567	1.893	0.000
77	1.631	1.776	0.000	0.000	0.000	1.865	0.000
78	1.653	1.234	0.000	0.000	0.000	2.026	0.000
79	1.674	0.181	0.000	0.000	0.000	2.609	0.000
80	1.695	0.000	0.000	0.000	0.000	2.864	0.000
81	1.716	0.000	0.000	0.000	0.000	2.700	0.000
82	1.737	0.000	0.000	0.000	0.000	2.185	0.000
83	1.759	0.000	0.000	0.000	0.000	1.671	0.000
84	1.780	0.000	0.000	0.000	0.000	1.241	0.000
85	1.801	0.000	0.000	0.000	0.000	0.959	0.000
86	1.822	0.000	0.000	0.000	0.000	0.804	0.000
87	1.843	0.000	0.000	0.000	0.000	0.734	0.000
88	1.864	0.000	0.000	0.000	0.000	0.750	0.000
89	1.886	0.000	0.000	0.000	0.000	0.780	0.000
90	1.907	0.000	0.000	0.000	0.000	0.694	0.000
91	1.928	0.000	0.000	0.000	0.000	0.545	0.000
92	1.949	0.000	0.000	0.000	0.000	0.328	0.000
93	1.970	0.000	0.000	0.000	0.000	0.163	0.000
94	1.992	0.000	0.000	0.000	0.000	0.042	0.000
95	2.013	0.000	0.000	0.000	0.000	0.000	0.000
