 	x	1	2	3	4	5	6
1	0.021	0.000	0.000	0.000	0.000	0.000	0.000
2	0.042	0.000	0.000	0.000	0.000	0.000	0.000
3	0.064	0.000	0.000	0.000	0.000	0.000	0.000
4	0.085	0.000	0.000	0.000	0.000	0.000	0.000
5	0.106	0.000	0.000	0.000	0.000	0.000	0.000
6	0.127	0.000	0.000	0.000	0.000	0.000	0.000
7	0.148	0.000	0.000	0.000	0.000	0.000	0.000
8	0.169	0.000	0.000	0.000	0.000	0.000	0.000
9	0.191	0.000	0.000	0.000	0.000	0.000	0.000
10	0.212	0.000	0.000	0.000	0.000	0.000	0.000
11	0.233	0.000	0.000	0.000	0.000	0.000	0.000
12	0.254	0.000	0.000	0.000	0.000	0.000	0.000
13	0.275	0.000	0.000	0.000	0.000	0.000	0.000
14	0.297	0.000	0.000	0.000	0.000	0.000	0.000
15	0.318	0.000	0.000	0.000	0.000	0.000	0.000
16	0.339	0.000	0.000	0.000	0.000	0.000	0.000
17	0.360	0.000	0.000	0.000	0.000	0.000	0.000
18	0.381	0.000	0.000	0.000	0.000	0.000	0.000
19	0.403	0.000	0.000	0.000	0.000	0.000	0.000
20	0.424	0.071	0.000	0.000	0.000	0.000	0.007
21	0.445	0.357	0.000	0.000	0.046	0.000	0.038
22	0.466	0.677	0.000	0.000	0.306	0.000	0.081
23	0.487	1.051	0.000	0.000	0.683	0.000	0.145
24	0.508	1.933	0.000	0.057	1.591	0.199	0.228
25	0.530	3.501	0.000	2.085	3.736	4.138	0.312
26	0.551	7.173	0.063	3.324	6.540	18.536	0.358
27	0.572	15.482	0.584	3.518	12.170	39.982	0.390
28	0.593	32.653	3.503	3.554	22.947	52.375	0.433
29	0.614	62.074	7.902	3.697	39.655	53.565	0.529
30	0.636	96.107	9.749	4.204	59.091	52.376	0.892
31	0.657	116.679	12.000	4.747	73.147	50.227	2.256
32	0.678	111.251	14.964	5.049	74.902	46.588	5.301
33	0.699	85.865	18.752	5.023	65.059	43.631	13.373
34	0.720	57.122	22.700	4.920	49.587	40.865	30.793
35	0.742	35.529	25.733	5.149	34.598	38.155	56.550
36	0.763	22.310	27.025	5.846	23.249	35.272	77.181
37	0.784	15.117	26.751	6.732	15.964	30.983	76.872
38	0.805	11.224	26.269	7.474	11.979	26.799	57.541
39	0.826	9.184	26.473	7.969	10.358	22.877	34.442
40	0.847	8.187	27.863	8.522	10.239	19.712	18.247
41	0.869	7.847	30.686	9.685	10.928	16.859	9.677
42	0.890	8.111	35.023	11.827	11.900	13.814	5.772
43	0.911	8.982	40.721	15.057	12.920	11.159	4.173
44	0.932	10.236	47.220	19.368	14.239	8.786	3.753
45	0.953	11.259	52.949	24.292	16.169	7.033	4.080
46	0.975	11.369	56.371	29.535	18.710	5.888	4.829
47	0.996	10.544	56.862	34.711	21.656	5.072	5.456
48	1.017	9.245	54.824	39.175	24.122	4.618	5.386
49	1.038	7.876	51.266	42.800	25.153	4.576	4.709
50	1.059	6.554	47.478	45.937	24.549	5.042	3.931
51	1.081	5.346	43.607	49.015	22.883	5.907	3.516
52	1.102	4.405	39.004	51.736	20.671	6.734	3.635
53	1.123	3.870	33.343	53.276	18.183	7.122	4.304
54	1.144	3.738	26.468	53.119	15.483	6.969	5.480
55	1.165	3.834	19.174	51.725	12.578	6.636	6.944
56	1.186	3.923	12.906	49.967	9.743	6.339	8.020
57	1.208	3.813	8.551	47.685	7.433	6.090	7.901
58	1.229	3.430	5.778	43.461	5.916	5.925	6.699
59	1.250	2.890	4.089	36.390	5.175	5.738	5.282
60	1.271	2.399	3.128	27.456	4.928	5.636	4.435
61	1.292	2.066	2.519	18.787	4.813	5.582	4.471
62	1.314	1.873	2.036	12.053	4.610	5.635	5.479
63	1.335	1.766	1.584	7.424	4.301	5.649	7.391
64	1.356	1.730	1.181	4.510	4.085	5.301	6.122
65	1.377	1.781	0.860	2.714	4.186	4.649	2.615
66	1.398	2.002	0.643	1.668	4.664	3.811	0.393
67	1.420	2.549	0.517	1.043	5.287	3.065	0.000
68	1.441	3.641	0.476	0.727	5.505	2.532	0.000
69	1.462	5.437	0.507	0.560	5.290	2.235	0.000
70	1.483	7.832	0.605	0.354	4.261	1.723	0.000
71	1.504	10.017	0.378	0.156	2.960	1.226	0.000
72	1.525	11.275	0.172	0.038	2.036	0.193	0.000
73	1.547	12.100	0.032	0.000	1.290	0.000	0.000
74	1.568	7.289	0.000	0.000	0.520	0.000	0.000
75	1.589	0.045	0.000	0.000	0.000	0.000	0.000
76	1.610	0.000	0.000	0.000	0.000	0.000	0.000
77	1.631	0.000	0.000	0.000	0.000	0.000	0.000
78	1.653	0.000	0.000	0.000	0.000	0.000	0.000
79	1.674	0.000	0.000	0.000	0.000	0.000	0.000
80	1.695	0.000	0.000	0.000	0.000	0.000	0.000
81	1.716	0.000	0.000	0.000	0.000	0.000	0.000
82	1.737	0.000	0.000	0.000	0.000	0.000	0.000
83	1.759	0.000	0.000	0.000	0.000	0.000	0.000
84	1.780	0.000	0.000	0.000	0.000	0.000	0.000
85	1.801	0.000	0.000	0.000	0.000	0.000	0.000
86	1.822	0.000	0.000	0.000	0.000	0.000	0.000
87	1.843	0.000	0.000	0.000	0.000	0.000	0.000
88	1.864	0.000	0.000	0.000	0.000	0.000	0.000
89	1.886	0.000	0.000	0.000	0.000	0.000	0.000
90	1.907	0.000	0.000	0.000	0.000	0.000	0.000
91	1.928	0.000	0.000	0.000	0.000	0.000	0.000
92	1.949	0.000	0.000	0.000	0.000	0.000	0.000
93	1.970	0.000	0.000	0.000	0.000	0.000	0.000
94	1.992	0.000	0.000	0.000	0.000	0.000	0.000
95	2.013	0.000	0.000	0.000	0.000	0.000	0.000
96	0.000	0.000	0.000	0.000	0.000	0.000	0.000
