 	x	1	2	3	4	5	6	7	8	9	10	11	12	13	14	15
1	0.030	0.000	0.000	0.097	0.000	0.000	2.479E-5	3.896	0.024	0.000	0.000	0.000	0.000	0.000	0.000	0.000
2	0.060	0.000	0.000	0.014	0.000	0.000	0.001	3.598	0.099	0.000	0.034	0.000	0.000	0.000	0.000	0.000
3	0.089	0.000	0.000	0.000	0.000	0.000	0.008	3.261	0.193	0.000	0.404	0.000	0.000	0.000	0.000	0.000
4	0.119	0.000	0.000	0.000	0.000	0.000	0.025	2.905	0.160	0.000	0.729	0.000	0.000	0.000	0.000	0.000
5	0.149	0.000	0.000	0.000	0.000	0.000	0.079	2.576	0.124	0.000	1.175	0.000	0.000	0.000	0.000	0.000
6	0.179	0.000	4.386E-6	0.000	0.000	0.000	0.234	2.526	0.185	0.000	1.513	9.211E-4	0.000	0.000	0.000	0.000
7	0.209	0.000	8.043E-5	0.000	0.000	3.182E-4	0.611	2.973	0.345	0.000	1.616	0.007	0.000	0.000	0.000	0.000
8	0.239	0.000	7.854E-5	0.000	0.000	0.045	1.231	4.038	0.559	0.000	1.723	0.018	0.075	0.000	0.000	0.000
9	0.268	0.000	8.600E-6	0.000	0.000	0.227	1.946	5.394	0.676	0.000	1.353	0.074	2.120	2.630E-5	0.008	0.000
10	0.298	0.000	3.306E-6	0.000	0.000	0.520	2.404	6.203	0.761	0.376	0.509	0.384	3.146	0.003	0.087	0.000
11	0.328	0.000	0.000	0.036	0.000	0.617	2.122	5.949	1.093	1.095	0.116	1.340	2.476	7.599E-4	0.189	0.000
12	0.358	0.000	2.861E-7	0.112	0.000	0.492	1.520	5.216	1.796	1.823	0.071	2.535	1.784	4.416E-6	0.226	0.000
13	0.388	0.000	1.447E-4	0.267	0.000	0.332	1.307	4.443	2.927	2.617	0.070	2.935	1.470	0.000	0.230	0.000
14	0.417	6.647E-8	0.004	0.610	3.196E-7	0.289	1.685	3.803	3.835	3.356	0.055	2.440	1.334	0.000	0.224	0.000
15	0.447	2.393E-5	0.021	1.316	7.304E-5	0.412	2.495	3.355	4.038	3.652	0.019	1.822	1.151	0.000	0.261	0.000
16	0.477	0.001	0.036	2.361	0.005	0.758	2.900	2.959	3.909	3.599	0.002	1.367	1.027	9.653E-6	0.367	0.113
17	0.507	0.009	0.036	3.500	0.033	1.146	2.718	2.489	3.925	3.418	1.791E-5	1.073	1.126	0.001	0.642	2.097
18	0.537	0.034	0.075	4.102	0.044	1.279	2.438	1.985	4.139	3.100	4.502E-8	0.920	1.512	0.021	1.476	2.871
19	0.567	0.061	0.352	4.089	0.011	1.316	2.438	1.565	4.279	2.716	1.738E-6	0.872	2.092	0.046	3.045	3.375
20	0.596	0.090	1.279	3.912	4.580E-4	1.453	2.646	1.286	4.170	2.315	4.186E-4	0.916	2.797	0.071	4.219	3.752
21	0.626	0.170	2.739	4.177	4.077E-5	1.777	2.987	1.167	4.097	1.971	0.008	1.110	3.682	0.167	3.840	3.875
22	0.656	0.427	3.385	5.020	0.002	2.387	3.434	1.189	4.138	1.722	0.035	1.527	4.547	0.227	2.781	3.585
23	0.686	1.036	2.867	5.585	0.026	3.158	3.486	1.478	4.096	1.702	0.045	1.946	4.743	0.184	2.070	3.152
24	0.716	1.893	2.301	4.890	0.192	3.697	2.822	2.055	3.781	1.824	0.044	2.027	4.309	0.186	1.727	3.273
25	0.745	2.827	2.071	3.227	0.858	3.702	1.943	2.539	3.481	2.040	0.113	1.899	3.766	0.360	1.510	3.854
26	0.775	3.613	1.867	1.744	2.100	3.370	1.434	2.605	3.662	2.444	0.163	1.858	3.435	0.900	1.440	4.192
27	0.805	4.367	1.797	0.813	2.903	2.987	1.374	2.629	4.355	3.124	0.126	2.035	3.164	1.917	1.699	4.274
28	0.835	5.021	2.067	0.364	3.030	2.743	1.693	2.959	5.178	3.889	0.159	2.334	2.902	3.068	2.251	4.509
29	0.865	5.171	2.514	0.150	3.051	2.773	2.236	3.596	5.723	4.110	0.370	2.589	2.913	3.906	3.106	4.722
30	0.895	4.842	2.957	0.043	3.021	3.186	2.925	4.133	5.617	3.732	1.036	2.720	3.298	4.351	3.986	4.587
31	0.924	4.475	3.356	0.007	2.858	3.927	3.431	4.248	5.032	3.171	2.456	2.982	3.893	4.465	4.267	4.258
32	0.954	4.360	3.381	9.789E-4	2.736	4.821	3.205	4.170	4.242	2.741	4.050	3.549	4.588	4.474	3.882	4.131
33	0.984	4.360	2.990	0.001	2.909	5.364	2.481	4.070	3.453	2.577	4.847	4.002	5.486	4.809	3.391	4.576
34	1.014	4.376	2.688	0.016	3.421	5.174	1.792	3.967	2.826	2.576	4.763	3.841	6.699	5.544	3.374	5.311
35	1.044	4.408	2.939	0.047	3.958	4.579	1.497	3.763	2.146	2.360	4.899	3.212	7.884	5.747	3.776	4.363
36	1.073	4.426	3.793	0.032	4.069	4.018	1.530	3.463	1.335	1.532	5.857	2.336	8.142	4.651	3.708	1.922
37	1.103	4.402	4.708	0.006	3.609	3.508	1.635	2.947	0.585	0.562	7.214	1.324	6.577	3.149	2.777	0.956
38	1.133	4.078	5.008	0.029	2.986	3.099	1.789	2.450	0.156	0.098	7.914	0.485	4.414	2.142	1.758	0.000
39	1.163	3.330	4.807	0.046	2.613	2.862	1.889	2.284	0.031	0.022	7.253	0.095	2.862	1.651	1.505	0.000
40	1.193	2.602	4.546	0.021	2.583	2.563	1.870	2.419	0.007	0.015	5.753	0.011	2.089	1.581	1.959	0.000
41	1.223	2.199	4.294	0.010	2.771	2.023	1.762	2.414	0.014	0.006	4.356	0.001	1.697	2.047	2.313	0.000
42	1.252	1.991	3.617	0.032	2.733	1.495	1.899	2.146	0.044	0.003	3.762	2.400E-4	1.261	3.217	1.667	0.000
43	1.282	1.728	2.268	0.069	2.376	1.239	2.515	1.860	0.037	0.009	3.932	1.079E-5	0.773	4.785	0.638	0.000
44	1.312	1.514	0.947	0.059	2.024	1.206	3.296	1.708	0.005	0.014	4.382	0.000	0.314	5.872	0.118	0.000
45	1.342	1.480	0.275	0.015	1.768	1.167	3.811	1.362	2.058E-4	0.005	4.427	6.958E-7	0.091	6.066	0.009	0.000
46	1.372	1.565	0.075	0.014	1.719	1.074	3.943	0.795	4.675E-7	1.263E-4	4.205	4.996E-7	0.019	5.873	1.582E-4	0.000
47	1.401	1.694	0.024	0.037	1.870	1.111	3.464	0.324	0.000	5.646E-6	3.994	5.828E-7	0.003	5.855	9.880E-7	0.000
48	1.431	1.894	0.013	0.030	2.141	1.409	2.545	0.111	0.000	0.000	3.788	5.180E-7	3.306E-4	6.001	0.000	0.000
49	1.461	2.027	0.036	0.003	2.416	1.764	1.815	0.045	0.000	0.000	3.685	0.000	1.550E-5	5.904	0.000	0.000
50	1.491	1.988	0.094	4.503E-4	2.568	1.854	1.370	0.036	0.000	0.000	4.151	0.000	5.088E-8	5.322	0.000	0.000
51	1.521	2.047	0.060	1.612E-5	2.607	1.788	0.965	0.014	0.000	0.000	5.177	0.000	0.000	4.874	0.000	0.000
52	1.551	2.299	0.007	5.369E-5	2.715	1.960	0.508	0.001	0.000	0.000	5.318	0.000	0.000	5.119	0.000	0.000
53	1.580	2.521	1.662E-4	1.038E-4	2.790	2.469	0.219	8.085E-6	0.000	0.000	3.714	0.000	0.000	6.058	4.868E-6	0.000
54	1.610	2.660	3.739E-7	3.415E-4	2.613	2.942	0.061	2.766E-8	0.000	0.000	1.627	0.000	0.000	6.771	9.513E-4	0.000
55	1.640	2.297	0.000	3.209E-4	2.414	2.979	0.005	0.000	0.000	0.000	0.508	0.000	0.000	5.865	0.017	0.000
56	1.670	1.657	0.000	1.271E-4	2.569	2.704	3.119E-5	0.000	0.000	0.000	0.174	0.000	0.000	3.376	0.039	0.000
57	1.700	0.571	0.000	9.241E-5	3.101	2.504	0.000	0.000	0.000	0.000	0.076	0.000	0.000	1.177	0.025	0.000
58	1.729	0.000	0.000	0.000	3.693	2.597	0.000	0.000	0.000	0.000	0.019	0.000	0.000	0.274	4.793E-4	0.000
59	1.759	0.000	0.000	0.000	3.751	3.009	0.000	0.000	0.000	0.000	0.002	0.000	0.000	0.070	0.000	0.000
60	1.789	0.000	0.000	0.000	1.867	3.573	0.000	0.000	0.000	0.000	3.497E-5	0.000	0.000	0.045	0.000	0.000
61	1.819	0.000	0.000	0.000	0.038	3.734	0.000	0.000	0.000	0.000	1.085E-7	0.000	0.000	0.020	0.000	0.000
62	1.849	0.000	0.000	0.000	0.000	3.197	0.000	0.000	0.000	0.000	0.000	0.000	0.000	0.003	0.000	0.000
63	1.879	0.000	0.000	0.000	0.000	2.577	0.000	0.000	0.000	0.000	0.000	0.000	0.000	8.087E-5	0.000	0.000
64	1.908	0.000	0.000	0.000	0.000	2.370	0.000	0.000	0.000	0.000	0.000	0.000	0.000	5.637E-7	0.000	0.000
65	1.938	0.000	0.000	0.000	0.000	2.466	0.000	0.000	0.000	0.000	0.000	0.000	0.000	2.027E-5	0.000	0.000
66	1.968	0.000	0.000	0.000	0.000	2.676	0.000	0.000	0.000	0.000	0.000	0.000	0.000	0.002	0.000	0.000
67	1.998	0.000	0.000	0.000	0.000	2.964	0.000	0.000	0.000	0.000	0.000	0.000	0.000	0.021	0.000	0.000
68	2.028	0.000	0.000	0.000	0.000	3.263	0.000	0.000	0.000	0.000	0.000	0.000	0.000	0.000	0.000	0.000
69	0.000	0.000	0.000	0.000	0.000	0.000	0.000	0.000	0.000	0.000	0.000	0.000	0.000	0.000	0.000	0.000
