 	x	1	2	3	4	5	6	7	8	9	10	11	12	13	14	15	16	17	18	19	20	21	22	23	24	25	26	27	28	29	30	31	32	33	34	35	36	37	38	39	40	41	42	43	44	45	46	47	48	49	50	51	52	53	54	55
1	0.029	0.000	0.000	0.000	0.000	0.000	1.424	0.000	0.000	0.000	13.846	0.000	8.689	0.000	11.589	14.224	0.000	0.000	0.000	0.000	0.000	0.000	0.000	0.000	0.000	6.119	0.000	0.000	0.000	0.000	0.000	0.000	0.000	0.000	0.000	0.000	0.000	6.033	0.000	0.000	0.000	0.000	22.994	0.000	0.000	0.000	0.000	0.000	0.000	0.000	0.000	0.000	0.000	0.000	0.000	0.000
2	0.059	0.000	0.000	0.000	0.000	0.000	0.000	0.000	0.000	0.000	14.880	0.000	7.169	0.000	2.214	12.523	0.000	0.000	0.000	0.000	0.000	0.000	0.000	0.000	0.000	7.437	0.000	0.000	0.000	0.000	0.000	0.000	0.000	0.000	0.000	0.000	0.000	4.788	0.000	0.000	0.000	0.000	22.533	0.000	0.040	0.000	0.000	0.000	0.000	0.000	0.000	0.000	0.000	0.000	0.000	0.000
3	0.088	0.000	0.000	0.000	0.000	0.000	0.000	0.000	0.000	0.000	15.711	0.000	5.983	0.000	0.102	10.286	0.000	0.000	0.000	0.000	0.000	0.000	0.000	0.000	0.000	11.319	0.000	0.000	0.000	0.000	0.000	0.000	1.273	0.000	0.000	0.000	0.000	5.191	1.018	0.000	0.000	0.747	21.805	0.000	2.331	0.000	0.000	0.000	0.000	0.000	0.000	0.000	0.000	8.100	7.300	0.000
4	0.117	0.000	0.474	0.000	0.000	0.000	0.000	0.000	0.000	0.000	17.490	0.000	4.186	0.000	0.000	7.993	0.000	0.000	0.000	0.000	0.000	0.000	0.000	0.000	0.000	12.052	0.000	0.000	0.289	0.000	0.000	0.000	3.639	0.000	0.000	0.000	0.000	3.196	6.530	0.000	0.000	4.475	24.618	0.000	5.114	0.000	0.262	0.000	0.000	0.000	0.000	0.000	0.126	9.800	11.300	0.000
5	0.146	0.000	7.146	0.000	0.000	0.000	0.048	0.000	0.000	0.000	19.905	0.000	0.507	0.000	0.000	7.326	0.000	0.000	0.035	0.000	0.000	0.000	0.000	0.000	0.000	11.812	0.000	0.000	5.115	0.000	0.109	0.000	4.840	0.377	0.000	0.287	0.000	2.237	9.868	0.087	0.000	6.821	28.690	0.000	7.124	1.605	3.732	0.000	0.000	0.371	0.000	0.000	0.659	12.700	14.100	0.000
6	0.176	0.000	10.970	0.000	0.000	0.000	1.698	0.000	0.000	0.007	22.314	0.000	0.556	0.000	0.131	11.707	0.000	0.000	1.297	0.000	0.000	0.000	0.000	0.480	0.000	11.904	0.171	0.000	7.514	0.146	3.479	0.558	7.745	1.882	0.000	10.143	0.103	0.119	12.288	2.220	0.000	9.275	30.723	0.000	9.999	3.638	7.368	0.000	0.000	2.853	1.436	0.000	4.223	16.800	17.600	0.090
7	0.205	0.002	15.090	0.000	0.799	0.000	3.947	0.480	0.072	1.192	22.942	0.000	5.184	0.439	10.690	13.130	1.182	0.030	3.083	0.068	0.000	0.715	0.000	3.673	0.000	12.399	2.268	0.000	9.052	1.920	5.720	3.124	11.068	4.647	0.219	12.780	1.374	0.280	14.140	2.236	0.000	12.273	32.054	0.000	12.859	5.231	11.259	0.400	1.552	5.496	3.977	0.000	5.841	20.800	20.400	1.513
8	0.234	0.208	20.034	0.157	3.126	0.353	6.378	1.238	1.251	3.002	22.297	0.000	9.175	2.480	22.938	13.792	3.002	1.528	5.399	2.513	0.000	3.046	0.000	6.744	0.017	12.254	4.944	0.000	11.498	3.301	8.197	3.514	13.353	6.168	1.219	14.677	2.876	4.688	15.495	2.263	0.000	15.189	33.450	0.261	14.117	8.273	14.255	4.600	5.548	8.451	6.113	0.040	8.166	23.200	24.400	2.952
9	0.264	0.929	22.511	2.015	4.827	0.873	8.948	1.845	2.200	4.419	21.494	0.028	12.880	4.018	28.964	13.811	4.463	3.519	7.804	3.836	1.600	4.179	0.036	10.440	0.961	11.861	6.689	0.000	14.735	4.312	12.300	4.886	14.220	9.075	1.869	17.631	4.134	8.402	17.380	2.801	1.800	16.990	32.796	1.178	14.848	12.175	15.939	6.300	7.418	11.889	9.230	0.733	11.724	23.900	25.400	4.726
10	0.293	1.898	24.566	3.455	6.030	1.377	10.687	2.566	2.043	6.542	20.137	2.161	16.356	5.733	35.241	13.285	6.240	5.806	9.636	5.780	2.900	6.767	0.417	14.124	4.338	10.509	8.220	0.004	16.487	5.224	16.777	7.278	13.874	12.877	2.909	21.869	5.634	10.892	18.770	3.023	2.500	16.609	33.029	1.916	16.142	14.598	17.192	10.300	9.515	15.071	11.683	1.032	14.515	25.900	26.900	7.547
11	0.322	3.287	25.518	5.578	8.112	1.941	12.193	3.259	2.537	9.247	18.911	4.629	18.371	7.489	41.488	12.983	8.256	9.104	10.960	8.830	5.700	10.185	11.980	17.585	6.148	9.498	11.120	1.949	16.813	6.355	18.588	9.612	12.995	17.023	4.659	26.786	7.942	14.204	20.493	2.607	4.000	15.355	32.671	3.129	17.125	14.892	17.993	14.600	11.796	15.561	13.423	1.709	15.124	25.300	27.500	10.550
12	0.352	4.728	26.709	8.670	10.774	2.753	13.134	2.851	3.410	11.248	15.736	7.159	19.175	8.980	47.299	13.564	9.875	11.399	12.015	11.711	8.100	12.084	13.364	20.533	7.977	10.660	14.758	4.426	16.294	8.136	18.366	10.687	13.096	18.367	6.129	28.461	9.749	17.673	22.384	2.797	5.600	15.880	31.820	5.541	16.390	14.565	18.171	15.500	13.965	16.559	15.042	2.990	14.057	24.100	26.500	12.741
13	0.381	4.818	26.572	10.476	12.880	3.785	13.182	2.467	3.400	11.946	13.631	9.096	18.423	9.555	48.598	13.801	10.719	12.267	13.241	14.009	9.500	12.969	9.048	22.337	10.594	11.842	15.962	5.427	15.960	9.320	18.272	11.003	13.666	17.871	7.193	28.495	10.003	19.237	23.687	3.003	8.700	17.049	31.867	7.578	15.049	13.498	17.924	15.900	14.511	17.940	16.608	4.486	11.202	22.300	25.200	13.227
14	0.410	4.195	24.404	10.270	13.065	4.187	12.492	2.429	2.942	12.153	9.724	9.979	16.839	10.131	48.000	13.544	11.114	12.513	14.062	14.776	10.000	13.192	7.256	23.181	11.341	12.891	15.793	8.425	14.390	9.220	18.150	10.959	13.583	17.613	6.772	27.242	8.251	19.285	23.030	2.983	9.200	16.987	32.114	7.296	14.947	12.027	17.402	17.000	15.159	18.475	18.145	4.775	8.860	21.200	24.700	12.592
15	0.439	2.818	20.468	10.093	12.268	4.412	11.294	2.379	2.411	12.364	7.076	10.780	16.879	9.473	46.638	13.757	11.639	12.397	14.641	15.246	7.100	11.896	7.148	23.314	9.006	13.038	15.707	11.501	13.038	8.867	19.475	10.507	12.959	14.427	6.025	24.797	6.355	19.022	20.963	2.801	7.800	16.965	32.013	6.518	14.715	10.465	15.869	16.500	14.142	16.903	19.451	4.376	7.291	21.300	23.200	12.650
16	0.469	1.657	17.917	10.257	9.354	3.674	10.538	1.939	2.376	11.281	8.416	11.574	17.611	7.735	45.334	13.357	11.266	11.210	14.215	16.364	4.700	10.689	5.142	20.513	5.533	12.804	15.188	13.158	12.383	7.481	18.702	8.907	12.571	9.956	4.256	22.200	3.684	18.383	18.853	2.814	5.700	16.441	31.834	5.611	14.339	8.141	13.650	14.300	12.147	14.791	19.294	3.103	5.652	20.000	20.900	13.537
17	0.498	1.016	15.733	10.737	5.612	2.672	9.796	1.296	2.707	9.289	11.817	11.436	18.438	5.873	41.120	12.299	10.011	8.485	12.332	16.097	2.000	9.415	2.881	14.992	2.908	12.386	13.486	14.688	11.516	4.041	15.313	5.408	12.229	5.704	2.492	19.136	2.129	17.102	16.536	2.394	4.000	15.612	31.292	3.997	13.355	5.794	12.158	12.500	10.461	14.332	17.390	1.792	3.846	18.400	18.800	13.038
18	0.527	0.394	12.206	10.666	3.016	2.145	9.245	0.516	2.652	7.267	13.007	0.461	18.795	4.030	33.945	11.575	8.270	6.420	9.948	13.407	0.000	7.521	0.043	9.355	1.385	12.079	11.233	15.623	10.837	1.458	10.766	2.517	10.949	2.589	1.318	15.022	1.197	14.831	14.222	2.748	2.000	16.128	30.900	2.293	11.640	3.811	10.626	9.600	7.586	13.792	13.935	0.965	0.439	16.700	16.300	11.020
19	0.557	0.000	7.889	11.188	1.118	1.613	7.745	0.167	2.241	5.069	7.946	0.000	14.998	2.778	26.452	11.158	5.697	4.721	7.806	9.938	0.000	4.852	0.000	5.741	0.088	11.468	8.398	15.368	10.127	0.766	6.750	1.182	9.944	0.960	0.695	10.528	0.380	11.896	11.386	2.553	1.100	15.056	31.243	1.283	9.783	1.385	8.154	5.600	4.946	10.205	10.451	0.336	0.000	15.400	12.500	8.107
20	0.586	0.000	1.031	14.747	0.080	0.961	6.325	0.000	1.910	4.010	9.671	0.000	4.612	0.965	19.389	8.739	4.138	2.750	6.232	6.634	0.000	2.918	0.000	2.671	0.000	10.140	5.789	14.693	8.275	0.140	3.870	0.234	8.723	0.004	0.053	1.087	0.000	8.797	7.267	2.140	0.000	11.701	31.199	0.454	7.229	0.017	5.578	2.800	2.725	6.218	8.030	0.000	0.000	14.100	8.400	6.150
21	0.615	0.000	0.000	18.273	0.000	0.751	4.217	0.000	2.040	1.158	11.786	0.167	13.087	0.000	10.642	5.780	2.803	0.654	5.067	4.522	0.000	1.258	0.000	0.142	0.000	7.474	2.802	13.147	5.543	0.000	0.366	0.000	6.068	0.000	0.000	0.000	0.000	5.549	3.665	1.945	0.000	8.279	29.616	0.020	4.285	0.000	2.433	0.000	0.155	3.500	6.155	0.000	0.000	13.700	4.500	4.805
22	0.645	0.000	0.000	18.401	0.000	0.350	1.350	0.000	2.122	0.000	12.849	16.692	19.707	0.000	0.626	3.622	0.672	0.002	3.625	3.159	0.000	0.058	0.000	0.053	0.000	5.385	2.829	10.050	2.112	0.000	0.000	0.000	2.945	0.000	0.000	0.000	0.000	2.788	0.295	1.693	0.000	5.987	26.406	0.000	2.082	0.000	0.087	0.000	0.000	1.226	1.138	0.131	0.000	14.100	1.300	1.553
23	0.674	0.000	0.000	16.185	0.000	0.000	0.000	0.000	2.402	0.000	14.467	24.304	23.104	0.000	0.000	2.180	0.000	0.000	1.523	0.404	0.000	0.000	0.000	2.769	0.000	4.140	4.535	7.838	0.026	0.000	0.000	0.000	0.153	0.000	0.000	0.107	0.000	0.410	0.000	0.028	0.000	3.299	22.831	0.000	0.217	0.000	0.000	0.000	0.000	0.037	0.166	0.221	0.000	11.500	0.300	0.076
24	0.703	0.000	0.000	14.952	0.000	0.000	0.000	0.000	2.624	0.000	15.251	30.943	28.010	0.000	0.000	0.520	0.000	0.000	0.100	0.000	0.000	0.000	0.000	6.887	0.000	1.240	7.262	7.357	0.000	0.000	0.000	0.000	0.000	0.000	0.000	3.888	0.000	0.000	0.000	0.000	0.000	0.439	19.839	0.000	0.000	0.000	0.000	0.000	0.000	0.000	0.000	0.436	0.000	7.700	0.000	0.288
25	0.732	0.000	0.000	14.502	0.000	0.000	0.000	0.000	2.175	0.000	13.973	36.193	31.735	0.000	0.811	0.017	0.000	0.000	0.000	0.000	0.000	0.000	0.000	10.205	0.000	0.000	10.464	8.528	0.000	0.000	0.000	0.000	0.000	0.000	0.000	4.184	0.000	0.000	0.000	0.000	0.000	0.000	17.312	0.000	0.000	0.000	0.000	0.000	0.000	0.000	0.000	0.107	0.000	6.700	0.000	2.485
26	0.762	0.000	0.000	13.515	0.000	0.000	0.000	0.000	1.591	0.000	12.829	40.672	34.269	0.000	1.509	0.000	0.000	0.000	0.000	0.000	0.000	0.000	0.000	12.394	0.000	0.000	11.709	10.096	0.000	0.000	0.045	0.000	0.000	0.000	0.000	3.310	0.000	0.000	0.000	0.000	0.000	0.000	15.773	0.000	0.000	0.000	0.000	0.000	0.000	0.000	0.000	0.000	0.000	0.000	0.000	6.850
27	0.000	0.000	0.000	0.000	0.000	0.000	0.000	0.000	0.000	0.000	0.000	42.330	0.000	0.000	0.000	0.000	0.000	0.000	0.086	0.000	0.000	0.000	0.000	0.000	0.000	0.000	0.000	0.000	0.000	0.000	0.337	0.000	0.000	0.000	0.000	0.000	0.000	0.000	0.000	0.000	0.000	0.000	15.583	0.000	0.000	0.000	0.000	0.000	0.000	0.000	0.000	0.000	0.000	0.000	0.000	0.000
