10.877	1.402	41.29	0.22	1.05	0.267	0.809	0.13118	0.37976	0	0	0	0	0	0	0	1.1455	1.2927	0.88613	0	0	0	0	0	0	0	0	2	1	0	0.15027	0.16958	0	0	0	0	0.38798	0.37792	0	1	2	0.23307	0.37013	0.97944	0.13118	0.37976	0.99855	0.352	0.41	0	0	0	0	0	1	1	0.15027	0.38798	0.99931	0.078963	0.38668	0.99527	0.381	0.381	0	0	0	0	0	1	1	0.16958	0.37792	0.99038	0.094212	0.38025	0.99921	0.381	0.381	0	0	0	0	0	0	0	0	0	0	0	0	0	0	0	0	0	0	0	0	0	0	0	0	0	0	0	0	0	0	0	13.891	1	0	0	98.492	0
12.713	2.166	106.98	0.144	0.633	0.29	0.329	0	0	0	0	0	0	0	0	0	0	0	0.72642	0	0	0	0	0	0	0	0	1	0	0	0.19014	0.26176	0	0	0	0	0.39186	0.47403	0	1	1	0.24848	0.38173	0.97193	0.083264	0.35682	0.91897	0.352	0.352	0	0	0	0	0	1	1	0.19014	0.39186	0.9918	0.10118	0.39373	0.98234	0.381	0.381	0	0	0	0	0	1	1	0.26176	0.47403	0.98745	0.13763	0.47031	0.96123	0.498	0.498	0	0	0	0	0	0	0	0	0	0	0	0	0	0	0	0	0	0	0	0	0	0	0	0	0	0	0	0	0	0	0	12.405	1	0	0	70.488	0
13.053	2.666	104.7	0.094	0.444	0.268	0.112	0.25234	0.4003	0	0	0	0	0	0	0	1.1162	0	0	0	0	0	0	0	0	0	0	1	0	1	0.28167	0	0	0	0	0	0.36132	0	0	1	1	0.25234	0.4003	0.9834	0.13173	0.39833	0.99276	0.41	0.41	0	0	0	0	0	1	1	0.28167	0.36132	0.9842	0.14335	0.36798	0.97679	0.352	0.352	0	0	0	0	0	1	1	0.24615	0.41238	0.9789	0.12845	0.41558	0.98686	0.41	0.41	0	0	0	0	0	0	0	0	0	0	0	0	0	0	0	0	0	0	0	0	0	0	0	0	0	0	0	0	0	0	0	12.33	1	0	0	118.71	0
13.371	3.059	140.79	0.076	0.399	0.241	0.124	0.22375	0.41562	0	0	0	0	0	0	0	0.76094	0.77591	0.9807	0	0	0	0	0	0	0	0	1	0	1	0.17026	0.17361	0	0	0	0	0.40351	0.39133	0	1	1	0.22375	0.41562	0.99016	0.12247	0.41516	0.98467	0.439	0.439	0	0	0	0	0	1	1	0.17026	0.40351	0.99464	0.096406	0.40709	0.99935	0.41	0.41	0	0	0	0	0	1	1	0.17361	0.39133	0.98968	0.097238	0.39255	0.99181	0.381	0.381	0	0	0	0	0	0	0	0	0	0	0	0	0	0	0	0	0	0	0	0	0	0	0	0	0	0	0	0	0	0	0	7.2614	1	0	0	60.636	0
14.448	3.574	149.78	0.12	0.453	0.338	0.124	0	0	0	0	0	0	0	0	0	0	0	0	0	0	0	0	0	0	0	0	1	0	0	0	0	0	0	0	0	0	0	0	1	1	0.32182	0.41266	0.96878	0.093699	0.44423	-7.5647e+53	0.469	0.469	0	0	0	0	0	1	1	0.24274	0.39325	0.96455	0.0045906	0.39605	0.89395	0.381	0.381	0	0	0	0	0	1	1	0.22102	0.40465	0.96951	0.11302	0.39831	0.93581	0.381	0.381	0	0	0	0	0	0	0	0	0	0	0	0	0	0	0	0	0	0	0	0	0	0	0	0	0	0	0	0	0	0	0	14.243	1	0	0	24.729	0
14.711	12.158	114.18	0.505	1.52	0.423	1.237	0	0	0	0	0	0	0	0	0	0	0	0.80175	0	0	0	0	0	0	0	0	1	0	0	0.16918	0.21101	0	0	0	0	0.35675	0.35279	0	1	1	0.33621	0.4357	0.96275	0.18892	0.42748	0.99517	0.439	0.439	0	0	0	0	0	1	1	0.16918	0.35675	0.99688	0.091758	0.35497	0.99138	0.352	0.352	0	0	0	0	0	1	1	0.21101	0.35279	0.99241	0.11351	0.35477	0.9911	0.352	0.352	0	0	0	0	0	0	0	0	0	0	0	0	0	0	0	0	0	0	0	0	0	0	0	0	0	0	0	0	0	0	0	12.985	1	0	0	75.99	0
15.282	13.633	96.082	0.123	0.565	0.276	0.288	0.24724	0.37969	0	0	0	0	0	0	0	0	1.0297	0	0	0	0	0	0	0	0	0	1	0	1	0	0.25459	0	0	0	0	0	0.2733	0	1	1	0.24724	0.37969	0.98284	0.1244	0.38248	0.97597	0.381	0.381	0	0	0	0	0	1	1	0.20123	0.40334	0.97876	0.11124	0.39562	0.96246	0.41	0.41	0	0	0	0	0	1	2	0.46	0.146	0.90026	0.25459	0.2733	0.99569	0.146	0.41	0	0	0	0	0	0	0	0	0	0	0	0	0	0	0	0	0	0	0	0	0	0	0	0	0	0	0	0	0	0	0	3.8531	1	0	0	43.629	0
14.994	14.416	83.393	0.242	1.103	0.279	0.864	0.20924	0.41008	0	0	0	0	0	0	0	1.0034	0	0	0	0	0	0	0	0	0	0	1	0	1	0.20994	0	0	0	0	0	0.5304	0	0	1	1	0.20924	0.41008	0.9907	0.11193	0.40842	0.99305	0.41	0.41	0	0	0	0	0	1	2	0.38063	0.53539	0.91975	0.20994	0.5304	0.99741	0.439	0.586	0	0	0	0	0	1	0	0	0	0	0	0	0	0	0	0	0	0	0	0	0	0	0	0	0	0	0	0	0	0	0	0	0	0	0	0	0	0	0	0	0	0	0	0	0	0	13.191	1	0	0	64.926	0
15.419	14.87	71.972	0.199	0.837	0.303	0.471	0	0	0	0	0	0	0	0	0	0	0	0.96862	0	0	0	0	0	0	0	0	1	0	0	0.19157	0.18555	0	0	0	0	0.41779	0.40721	0	1	1	0.27522	0.36473	0.95899	0.14958	0.36965	0.98708	0.41	0.41	0	0	0	0	0	1	1	0.19157	0.41779	0.99509	0.10385	0.41491	0.98742	0.41	0.41	0	0	0	0	0	1	1	0.18555	0.40721	0.99356	0.09822	0.40284	0.9955	0.41	0.41	0	0	0	0	0	0	0	0	0	0	0	0	0	0	0	0	0	0	0	0	0	0	0	0	0	0	0	0	0	0	0	11.276	1	0	0	67.379	0
14.387	17.245	59.009	0.434	1.422	0.388	1.388	0.22716	0.25019	0	0	0	0	0	0	0	0.96988	0	0	0	0	0	0	0	0	0	0	1	0	1	0.22032	0	0	0	0	0	0.48555	0	0	1	1	0.22716	0.25019	0.99225	0.061849	0.2323	0.93722	0.234	0.234	0	0	0	0	0	1	1	0.22032	0.48555	0.98675	0.0085101	0.4843	0.90094	0.469	0.469	0	0	0	0	0	1	1	0.25614	0.47123	0.96988	0.14054	0.47484	0.99683	0.527	0.527	0	0	0	0	0	0	0	0	0	0	0	0	0	0	0	0	0	0	0	0	0	0	0	0	0	0	0	0	0	0	0	9.0396	1	0	0	69.168	0
13.22	18.922	61.817	0.543	1.356	0.509	1.824	0.31088	0.41123	0	0	0	0	0	0	0	0	0	0	0	0	0	0	0	0	0	0	2	1	0	0	0	0	0	0	0	0	0	0	1	2	0.24053	0.25541	0.93729	0.31088	0.41123	0.99502	0.264	0.557	0	0	0	0	0	1	1	0.28777	0.44404	0.95937	0.166	0.44424	0.99383	0.41	0.41	0	0	0	0	0	1	1	0.25858	0.52858	0.97271	0.14233	0.51845	0.99842	0.498	0.498	0	0	0	0	0	0	0	0	0	0	0	0	0	0	0	0	0	0	0	0	0	0	0	0	0	0	0	0	0	0	0	7.3813	1	0	0	55.978	0
8.411	20.741	27.149	0.084	0.465	0.23	0.254	0.19674	0.37283	0	0	0	0	0	0	0	0.80087	0.77528	0.96805	0	0	0	0	0	0	0	0	1	0	1	0.15757	0.15253	0	0	0	0	0.38882	0.39422	0	1	1	0.19674	0.37283	0.99592	0.0059869	0.37	0.90143	0.41	0.41	0	0	0	0	0	1	1	0.15757	0.38882	0.99408	0.092052	0.38857	0.99041	0.381	0.381	0	0	0	0	0	1	1	0.15253	0.39422	0.99891	0.082187	0.39361	0.99401	0.381	0.381	0	0	0	0	0	0	0	0	0	0	0	0	0	0	0	0	0	0	0	0	0	0	0	0	0	0	0	0	0	0	0	7.3878	1	0	0	70.653	0
8.116	21.33	45	0.026	0.218	0.151	0.041	0.14111	0.37637	0	0	0	0	0	0	0	1.0067	0.93088	0.92471	1	0	0	0	0	0	0	0	1	0	1	0.14205	0.13136	0	0	0	0	0.37937	0.37555	0	1	1	0.14111	0.37637	0.99896	0.07596	0.37975	0.97589	0.381	0.381	0	0	0	0	0	1	1	0.14205	0.37937	0.99861	0.075422	0.37977	0.99782	0.381	0.381	0	0	0	0	0	1	1	0.13136	0.37555	0.99917	0.072629	0.38026	0.98656	0.381	0.381	0	0	0	0	0	0	0	0	0	0	0	0	0	0	0	0	0	0	0	0	0	0	0	0	0	0	0	0	0	0	0	0.23333	0	0	0	21.2	0
6.919	22.486	59.893	0.268	0.8	0.426	0.632	0.24383	0.47572	0	0	0	0	0	0	0	0.8795	0.8767	0.99682	0	0	0	0	0	0	0	0	2	1	0	0.21444	0.21376	0	0	0	0	0.28374	0.3017	0	1	2	0.42982	0.42595	0.84995	0.24383	0.47572	0.99391	0.352	0.557	0	0	0	0	0	1	1	0.21444	0.28374	0.994	0.014152	0.27963	0.91568	0.293	0.293	0	0	0	0	0	1	1	0.21376	0.3017	0.99138	0.0089782	0.30555	0.91063	0.322	0.322	0	0	0	0	0	0	0	0	0	0	0	0	0	0	0	0	0	0	0	0	0	0	0	0	0	0	0	0	0	0	0	11.817	1	0	0	98.724	0
4.448	24.179	49.293	0.041	0.326	0.161	0.166	0.14476	0.37322	0	0	0	0	0	0	0	0.82551	0.87933	0.9388	1	0	0	0	0	0	0	0	1	0	1	0.1195	0.12729	0	0	0	0	0.3774	0.3836	0	1	1	0.14476	0.37322	0.99775	0.075809	0.37831	0.98626	0.381	0.381	0	0	0	0	0	1	1	0.1195	0.3774	0.99951	0.062468	0.37613	0.98992	0.381	0.381	0	0	0	0	0	1	1	0.12729	0.3836	0.99951	0.070047	0.38174	0.98799	0.381	0.381	0	0	0	0	0	0	0	0	0	0	0	0	0	0	0	0	0	0	0	0	0	0	0	0	0	0	0	0	0	0	0	0.375	0	0	0	28.354	0
0.821	25.821	25.096	0.109	0.642	0.216	0.483	0.20127	0.37401	0	0	0	0	0	0	0	0	0	0	0	0	0	0	0	0	0	0	1	0	1	0	0	0	0	0	0	0	0	0	1	1	0.20127	0.37401	0.99593	0.029254	0.38469	0.92238	0.381	0.381	0	0	0	0	0	1	1	0.18435	0.38868	0.96908	0.098586	0.38475	0.99793	0.352	0.352	0	0	0	0	0	1	1	0.29904	0.42231	0.96494	0.039769	0.40161	0.88057	0.381	0.381	0	0	0	0	0	0	0	0	0	0	0	0	0	0	0	0	0	0	0	0	0	0	0	0	0	0	0	0	0	0	0	13.882	1	0	0	124.11	0
0.268	26.125	161.74	0.201	0.539	0.474	0.93	0.33433	0.47784	0	0	0	0	0	0	0	0	0	0	0	0	0	0	0	0	0	0	2	1	0	0	0	0	0	0	0	0	0	0	1	2	0.64	0.4703	0.62824	0.33433	0.47784	0.97259	0.381	0.615	0	0	0	0	0	1	1	0.2824	0.44165	0.97015	0.1599	0.44073	0.99363	0.469	0.469	0	0	0	0	0	1	1	0.49141	0.645	0.89802	0.20798	0.53998	-3.1799e+52	0.586	0.586	0	0	0	0	0	0	0	0	0	0	0	0	0	0	0	0	0	0	0	0	0	0	0	0	0	0	0	0	0	0	1	8.8846	1	0	0	75.034	0
17.329	29.727	85.738	0.136	0.677	0.257	0.334	0	0	0	0	0	0	0	0	0	0	0	0.78921	0	0	0	0	0	0	0	0	1	0	0	0.16179	0.205	0	0	0	0	0.36351	0.3075	0	1	1	0.23917	0.38954	0.96867	0.13407	0.38687	0.99195	0.41	0.41	0	0	0	0	0	1	1	0.16179	0.36351	0.99414	0.08903	0.3638	0.99264	0.352	0.352	0	0	0	0	0	1	2	0.26561	0.41019	0.8504	0.18793	0.32554	0.9196	0.205	0.41	0	0	0	0	0	0	0	0	0	0	0	0	0	0	0	0	0	0	0	0	0	0	0	0	0	0	0	0	0	0	1	11.239	1	0	0	78.541	0
