 	x	1	2	3	4	5	6
1	0.021	0.000	0.000	0.000	0.000	0.000	0.000
2	0.042	0.000	0.000	0.000	0.000	0.000	0.000
3	0.064	0.000	0.000	0.000	0.000	0.000	0.000
4	0.085	0.000	0.000	0.000	0.000	0.000	0.000
5	0.106	0.000	0.000	0.000	0.000	0.000	0.000
6	0.127	0.000	0.000	0.000	0.000	0.000	0.000
7	0.148	0.000	0.000	0.000	0.000	0.000	0.000
8	0.169	0.000	0.000	0.000	0.000	0.000	0.000
9	0.191	0.000	0.000	0.000	0.000	0.000	0.000
10	0.212	0.000	0.000	0.000	0.000	0.000	0.000
11	0.233	0.000	0.000	0.000	0.000	0.000	0.000
12	0.254	0.000	0.000	0.000	0.000	0.000	0.000
13	0.275	0.000	0.000	0.000	0.000	0.000	0.000
14	0.297	0.000	0.000	0.000	0.000	0.000	0.000
15	0.318	0.000	0.000	0.000	0.000	0.000	0.000
16	0.339	0.000	0.000	0.000	0.000	0.000	0.000
17	0.360	0.000	0.000	0.000	0.000	0.000	0.000
18	0.381	0.023	0.000	0.000	0.000	0.000	0.000
19	0.403	0.201	0.000	0.000	0.000	0.000	0.000
20	0.424	0.505	0.000	0.000	0.000	0.000	0.000
21	0.445	0.955	0.000	0.000	0.000	0.000	0.000
22	0.466	1.566	0.000	0.000	0.141	0.000	0.000
23	0.487	2.180	0.000	0.000	0.756	0.053	0.044
24	0.508	3.328	0.000	0.121	1.493	0.270	0.094
25	0.530	5.821	0.028	3.438	2.395	1.807	0.149
26	0.551	10.983	0.372	4.898	3.681	8.770	0.200
27	0.572	20.918	0.942	5.094	6.418	24.743	0.250
28	0.593	36.286	2.456	4.733	11.668	35.897	0.347
29	0.614	54.968	3.532	4.568	20.070	39.967	0.401
30	0.636	70.709	4.525	4.696	30.280	43.207	0.539
31	0.657	76.503	5.895	5.041	39.555	45.111	1.452
32	0.678	70.085	7.787	5.335	45.783	46.141	3.516
33	0.699	55.358	10.194	5.416	48.075	47.779	8.199
34	0.720	39.157	12.719	5.424	46.150	49.627	19.251
35	0.742	26.497	14.706	5.711	40.656	52.597	39.741
36	0.763	18.259	15.662	6.390	33.366	54.591	65.145
37	0.784	13.333	15.656	7.281	26.153	54.398	79.907
38	0.805	10.385	15.587	7.998	20.227	52.494	72.814
39	0.826	8.597	16.167	8.411	16.179	49.006	51.085
40	0.847	7.573	17.803	9.051	13.828	46.323	29.872
41	0.869	7.170	20.659	10.456	12.659	43.951	16.189
42	0.890	7.396	24.942	13.042	12.174	41.594	9.153
43	0.911	8.219	30.777	17.291	12.113	39.003	5.905
44	0.932	9.368	37.884	23.171	12.376	34.552	4.479
45	0.953	10.367	45.351	30.428	12.975	29.714	3.931
46	0.975	10.742	51.701	38.531	13.992	23.948	3.858
47	0.996	10.328	56.075	46.283	15.504	18.347	4.025
48	1.017	9.393	58.451	53.086	17.292	13.643	4.121
49	1.038	8.358	59.219	58.611	19.392	10.352	3.973
50	1.059	7.449	59.168	63.215	22.477	8.841	3.641
51	1.081	6.704	58.635	67.567	27.285	8.293	3.397
52	1.102	6.099	57.341	71.326	33.610	8.603	3.386
53	1.123	5.638	54.246	72.859	39.057	8.900	3.701
54	1.144	5.322	49.264	70.973	40.155	8.762	4.330
55	1.165	5.082	42.693	65.824	35.596	8.483	5.189
56	1.186	4.809	35.602	57.957	27.143	8.136	6.114
57	1.208	4.453	29.381	48.342	18.457	7.867	6.632
58	1.229	4.055	24.608	36.805	12.082	7.584	6.345
59	1.250	3.688	20.819	24.720	8.479	7.259	5.455
60	1.271	3.413	17.305	14.751	6.750	7.059	4.623
61	1.292	3.241	14.073	8.018	5.925	7.017	4.259
62	1.314	3.146	11.405	4.459	5.448	7.213	4.486
63	1.335	3.091	9.480	2.617	5.219	7.371	5.250
64	1.356	3.051	8.114	1.698	5.275	7.033	6.380
65	1.377	2.996	7.105	1.229	5.667	6.201	5.950
66	1.398	2.913	6.119	0.967	6.318	5.078	2.292
67	1.420	2.878	4.986	0.846	7.075	4.066	0.021
68	1.441	3.056	3.807	0.795	7.540	3.358	0.000
69	1.462	3.622	1.876	0.719	7.326	2.952	0.000
70	1.483	4.624	0.603	0.544	6.727	2.463	0.000
71	1.504	5.905	0.213	0.243	6.085	2.069	0.000
72	1.525	7.100	0.035	0.059	5.094	1.742	0.000
73	1.547	7.769	0.000	3.128E-4	3.677	1.280	0.000
74	1.568	7.079	0.000	0.000	1.997	0.962	0.000
75	1.589	1.925	0.000	0.000	0.305	0.734	0.000
76	1.610	0.839	0.000	0.000	0.000	0.600	0.000
77	1.631	0.660	0.000	0.000	0.000	0.561	0.000
78	1.653	0.490	0.000	0.000	0.000	0.613	0.000
79	1.674	0.081	0.000	0.000	0.000	0.837	0.000
80	1.695	0.000	0.000	0.000	0.000	1.155	0.000
81	1.716	0.000	0.000	0.000	0.000	1.154	0.000
82	1.737	0.000	0.000	0.000	0.000	0.936	0.000
83	1.759	0.000	0.000	0.000	0.000	0.668	0.000
84	1.780	0.000	0.000	0.000	0.000	0.433	0.000
85	1.801	0.000	0.000	0.000	0.000	0.233	0.000
86	1.822	0.000	0.000	0.000	0.000	0.107	0.000
87	1.843	0.000	0.000	0.000	0.000	0.016	0.000
88	1.864	0.000	0.000	0.000	0.000	0.000	0.000
89	1.886	0.000	0.000	0.000	0.000	0.000	0.000
90	1.907	0.000	0.000	0.000	0.000	0.000	0.000
91	1.928	0.000	0.000	0.000	0.000	0.000	0.000
92	1.949	0.000	0.000	0.000	0.000	0.000	0.000
93	1.970	0.000	0.000	0.000	0.000	0.000	0.000
94	1.992	0.000	0.000	0.000	0.000	0.000	0.000
95	2.013	0.000	0.000	0.000	0.000	0.000	0.000
96	0.000	0.000	0.000	0.000	0.000	0.000	0.000
