27.957	0.439	90.102	0.414	1.081	0.488	0.787	0.339	0.3815	0.67102	0.741	1.133	1	0	0	0	0	0	0	0	0	0	3	0.0745	0	0	0	2	1	0	0	0	0	82.881	0	4.5498	0	0	6.7633	1	2	0.19411	0.25897	0.053376	0.29828	0.40165	0.89238	0.212	0.551	0	0	0	0	0	1	0	0	0	0	0	0	0	0	0	0	0	0	0	0	1	1	0.23198	0.31078	0.95009	0.12976	0.3149	0.99613	0.36	0.36	0	0	0	0	0	0.741	1.133	0	0	3	0	0	0	0	0	4	0	0.699	1.134	0	0	2	0	NaN	NaN
27.927	1.493	95.949	0.186	0.624	0.38	0.208	0.23811	0.37546	0.64419	0	0	1	0	0	0	0.79198	0.52308	0.66046	0	0	0	5	NaN	NaN	0	0	2	1	0	0.18858	0.12455	0	82.881	0	4.5498	0.42158	0.41412	5.733	1	2	0.12805	0.25821	0.54213	0.23811	0.37546	0.95182	0.254	0.508	0	0	0	0	0	1	1	0.18858	0.42158	0.9804	0.1031	0.42203	0.98453	0.445	0.445	0	0	0	0	0	1	1	0.12455	0.41412	0.99906	0.064553	0.41451	0.98313	0.424	0.424	0	0	0	0	0	0	0	0	0	5	0	0	0	0	0	5	0	0	0	0	0	6	0	NaN	NaN
29.822	7.174	131.62	0.118	0.547	0.274	0.273	0	0	0.089095	0.1074	0.6653	0	0	0	0	0	0	0.70077	0	0	1	1	-0.38925	1	0	0	1	0	0	0.23826	0.16697	0	82.881	0	4.5498	0.43856	0.39977	0.38722	1	1	0.23635	0.34684	0.97464	0.13189	0.34416	0.9977	0.381	0.381	0	0	0	0	0	1	2	0.1153	0.55776	0.88874	0.23826	0.43856	0.98527	0.318	0.572	0	0	0	0	0	1	1	0.16697	0.39977	0.9878	0.096996	0.39343	0.97216	0.403	0.403	0	0	0	0	0	0	0	0	0	1	0	0	0	0	0	1	0	0.1074	0.6653	0	1	1	0	0.27599	0
32.961	9.054	145.99	0.013	0.251	0.064	0	0.10934	0.39586	1.155	0.1248	1.089	1	0	0	0	0.88237	0.84045	0.9525	1	0	1	1	-0.060411	1	0	0	1	0	1	0.096475	0.091893	0	82.881	0	4.5498	0.39836	0.40029	2.6868	1	1	0.10934	0.39586	0.99834	0.056422	0.39602	0.99495	0.403	0.403	0	0	0	0	0	1	1	0.096475	0.39836	0.99769	0.054797	0.39577	0.99838	0.403	0.403	0	0	0	0	0	1	1	0.091893	0.40029	0.99918	0.05032	0.40228	0.99489	0.403	0.403	0	0	0	0	0	0.1248	1.089	0	1	1	0	0.1342	1.093	0	1	1	0	0	0	0	0	0	0	0.013475	1
33.425	9.718	145.63	0.022	0.244	0.112	0	0.10682	0.38978	1.6474	0	0	1	0	0	0	0.89807	0.97508	0.92103	1	0	0	4	NaN	NaN	0	0	1	0	1	0.095935	0.10416	0	82.881	0	4.5498	0.38918	0.38342	1.8789	1	1	0.10682	0.38978	0.99929	0.059991	0.39003	0.98738	0.381	0.381	0	0	0	0	0	1	1	0.095935	0.38918	0.99974	0.049661	0.38962	0.99657	0.381	0.381	0	0	0	0	0	1	1	0.10416	0.38342	0.99852	0.055702	0.38378	0.9933	0.381	0.381	0	0	0	0	0	0	0	0	0	4	0	0	0	0	0	5	0	0	0	0	0	3	0	NaN	NaN
35.081	11.728	135.4	0.106	0.444	0.305	0	0	0	0.399	0.6571	1.04	1	0	0	0	0	0	0	0	1	0	2	-0.33689	1	0	0	0	0	0	0.17605	0	0	82.881	0	4.5498	0.40537	0	0.42262	1	3	0	0	0	0	0	0	0	0	0.106	0.212	0.307	0.466	0	1	2	0.27568	0.41587	0.88529	0.17605	0.40537	0.99303	0.318	0.487	0	0	0	0	0	1	3	0	0	0	0	0	0	0	0	0.127	0.084	0.3605	0.466	0	0.6571	1.04	1	0	2	0	0.1374	0.7128	0	1	1	0	0	0	0	0	4	0	0.22954	0
39.42	17.094	115.69	0.445	1.916	0.296	1.655	0.15274	0.38269	0	0.1244	1.444	1	0	0	1	0.83817	0	0	0	0	1	1	-0.47059	1	0	0	2	1	0	0.12802	0	0	82.881	0	4.5498	0.33312	0	0.105	1	2	0.24434	0.39418	0.90735	0.15274	0.38269	0.99714	0.297	0.445	0	0	0	0	0	1	1	0.12802	0.33312	0.99732	0.068494	0.33245	0.99606	0.339	0.339	0	0	0	0	0	1	1	0.13738	0.39383	0.72613	0.076505	0.39487	0.498	0.381	0.381	0	0	0	0	0	0.1244	1.444	0	1	1	0	0.1166	1.423	0	1	1	0	0	0	0	0	3	0	0.35994	0
40.105	17.709	171.05	0.04	0.331	0.155	0.072	0.13764	0.40191	0.39623	0	0	1	0	0	0	1.0128	1.0094	0.99667	1	0	0	0	NaN	NaN	0	0	1	0	1	0.13941	0.13894	0	82.881	0	4.5498	0.39105	0.38727	0.5354	1	1	0.13764	0.40191	0.99893	0.076289	0.40238	0.99355	0.403	0.403	0	0	0	0	0	1	1	0.13941	0.39105	0.99019	0.075128	0.38813	0.96777	0.403	0.403	0	0	0	0	0	1	1	0.13894	0.38727	0.99021	0.086676	0.39456	0.99814	0.36	0.36	0	0	0	0	0	0	0	0	0	0	0	0	0	0	0	0	0	0	0	0	0	0	0	NaN	NaN
40.377	18.73	137.93	0.041	0.243	0.216	0.021	0.1517	0.38075	1.4479	0.4186	0.8701	1	0	0	0	1.0459	0.86125	0.82344	1	1	0	3	-0.015085	1	0	0	1	0	1	0.15867	0.13065	0	82.881	0	4.5498	0.40591	0.40416	1.5608	1	1	0.1517	0.38075	0.99597	0.082614	0.38127	0.9827	0.36	0.36	0	0	0	0	0	1	1	0.15867	0.40591	0.99372	0.088604	0.40861	0.99337	0.403	0.403	0	0	0	0	0	1	1	0.13065	0.40416	0.99954	0.072463	0.40509	0.99503	0.403	0.403	0	0	0	0	0	0	0	0	0	0	0	0	0	0	0	0	0	0.4186	0.8701	1	0	3	0	0.015085	1
39.358	21.692	68.917	0.153	0.56	0.348	0.102	0.17508	0.36932	1.0299	0	0	1	0	0	0	1.0251	0.75686	0.73831	0	0	0	6	NaN	NaN	0	0	2	1	0	0.17948	0.13251	0	82.881	0	4.5498	0.39624	0.39368	1.1425	1	2	0.26774	0.37131	0.81365	0.17508	0.36932	0.99379	0.275	0.466	0	0	0	0	0	1	1	0.17948	0.39624	0.99531	0.097731	0.39476	0.98783	0.424	0.424	0	0	0	0	0	1	1	0.13251	0.39368	0.99976	0.068036	0.39359	0.99207	0.403	0.403	0	0	0	0	0	0	0	0	0	6	0	0	0	0	0	5	0	0	0	0	0	4	0	NaN	NaN
39.886	22.397	65.055	0.535	1.221	0.558	0.813	0	0	1.68	0.339	1.101	1	0	0	0	0	0	0	0	0	0	3	NaN	NaN	0	0	1	0	0	0	0.18538	0	82.881	0	4.5498	0	0.2973	1.812	1	1	0.18883	0.34432	0.96381	0.1042	0.3484	0.91683	0.339	0.339	0	0	0	0	0	1	1	0.23519	0.36657	0.97099	0.12834	0.36194	0.99347	0.318	0.318	0	0	0	0	0	1	1	0.18538	0.2973	0.99819	0.09813	0.2983	0.99189	0.297	0.297	0	0	0	0	0	0.339	1.101	0	0	3	0	0	0	0	0	4	0	0	0	0	0	4	0	NaN	NaN
37.58	26.686	43.329	0.274	0.793	0.44	0.333	0	0	2.016	0	0	1	0	0	0	0	0	0.87056	0	0	0	6	NaN	NaN	0	0	1	0	0	0.17001	0.19528	0	82.881	0	4.5498	0.37796	0.37196	2.0136	1	1	0.25715	0.3401	0.97782	0.14306	0.34575	0.99815	0.381	0.381	0	0	0	0	0	1	2	0.23832	0.34523	0.82422	0.17001	0.37796	0.98771	0.297	0.466	0	0	0	0	0	1	1	0.19528	0.37196	0.98391	0.11011	0.37318	0.99888	0.403	0.403	0	0	0	0	0	0	0	0	0	6	0	0	0	0	0	5	0	0	0	0	0	6	0	NaN	NaN
39.591	27.33	11.716	0.275	0.798	0.439	0.238	0	0	0.19016	0	0	1	0	0	0	0	0	0.98784	0	0	0	0	NaN	NaN	0	0	1	0	0	0.19247	0.19013	0	82.881	0	4.5498	0.37298	0.40733	0.273	1	1	0.24175	0.36233	0.95912	0.14352	0.36497	0.99966	0.318	0.318	0	0	0	0	0	1	1	0.19247	0.37298	0.98328	0.10531	0.36825	0.99908	0.339	0.339	0	0	0	0	0	1	1	0.19013	0.40733	0.99526	0.098715	0.40784	0.98569	0.424	0.424	0	0	0	0	0	0	0	0	0	0	0	0	0	0	0	0	0	0	0	0	0	0	0	NaN	NaN
36.948	27.844	33.159	0.122	0.403	0.385	0	0.19188	0.38343	2.7609	0	0	1	0	0	0	0.84829	0.99975	0.8485	0	0	0	5	NaN	NaN	0	0	2	1	0	0.16277	0.19183	0	82.881	0	4.5498	0.3799	0.39639	2.7637	1	2	0.26986	0.3935	0.73224	0.19188	0.38343	0.99579	0.275	0.487	0	0	0	0	0	1	1	0.16277	0.3799	0.99497	0.090094	0.3816	0.96237	0.381	0.381	0	0	0	0	0	1	1	0.19183	0.39639	0.98998	0.10675	0.39719	0.99065	0.403	0.403	0	0	0	0	0	0	0	0	0	5	0	0	0	0	0	4	0	0	0	0	0	6	0	NaN	NaN
35.702	29.945	45	0.012	0.13	0.115	0.388	0.11181	0.36781	4.8141	0.1007	1.147	1	0	0	1	0.95448	1.0031	0.95154	1	0	1	1	-0.17536	1	0	0	1	0	1	0.10672	0.11216	0	82.881	0	4.5498	0.36632	0.36737	4.8468	1	1	0.11181	0.36781	0.9995	0.059886	0.36648	0.99243	0.36	0.36	0	0	0	0	0	1	1	0.10672	0.36632	0.99977	0.056328	0.36363	0.99484	0.36	0.36	0	0	0	0	0	1	1	0.11216	0.36737	0.99948	0.058822	0.36649	0.99635	0.381	0.381	0	0	0	0	0	0.1007	1.147	0	1	1	0	0	0	0	0	1	0	0.1027	1.163	0	1	1	0	0.098282	0
35.049	30.528	33.887	0.128	0.883	0.185	0.388	0.10406	0.36457	4.494	0.1485	1.115	1	0	0	0	0.86014	1.0916	0.78799	0	0	1	1	-0.084547	1	0	0	1	0	1	0.089507	0.11359	0	82.881	0	4.5498	0.33504	0.388	5.7208	1	1	0.10406	0.36457	0.99908	0.054364	0.36202	0.98386	0.36	0.36	0	0	0	0	0	1	1	0.089507	0.33504	0.99833	0.043772	0.3362	0.99615	0.339	0.339	0	0	0	0	0	1	1	0.11359	0.388	0.99969	0.061388	0.38759	0.99057	0.381	0.381	0	0	0	0	0	0	0	0	0	4	0	0	0	0	0	0	0	0.1485	1.115	0	1	1	0	0.045207	1
1.457	30.529	135	0.007	0.122	0.075	0	0.14007	0.39558	0.567	0.3218	1.229	1	0	0	0	0.88378	0.82218	0.9303	1	1	0	2	-0.10505	1	0	0	1	0	1	0.12379	0.11516	0	82.881	0	4.5498	0.40954	0.39563	0.60135	1	1	0.14007	0.39558	0.99067	0.076649	0.39907	0.99454	0.381	0.381	0	0	0	0	0	1	1	0.12379	0.40954	0.99453	0.066909	0.41166	0.99846	0.403	0.403	0	0	0	0	0	1	1	0.11516	0.39563	0.99847	0.061356	0.39721	0.99665	0.381	0.381	0	0	0	0	0	0	0	0	0	0	0	0	0	0	0	0	0	0.3218	1.229	1	0	2	0	0.010106	1
2.487	30.854	165.77	0.047	0.307	0.193	0.021	0	0	0	0.3305	1.103	0	0	0	0	0	0	0	1	0	1	1	-0.011334	1	0	0	1	0	0	0.15449	0	0	82.881	0	4.5498	0.37866	0	0.093915	1	1	0.1999	0.4362	0.96812	0.10965	0.43335	0.9834	0.445	0.445	0	0	0	0	0	1	1	0.15449	0.37866	0.98881	0.080392	0.37395	0.98929	0.36	0.36	0	0	0	0	0	1	1	0.1953	0.35864	0.97527	0.10661	0.35165	0.99299	0.318	0.318	0	0	0	0	0	0	0	0	0	0	0	0.3305	1.103	0	1	1	0	0	0	0	0	0	0	0.02209	1
28.652	31.068	135	0.012	0.13	0.115	0	0.10817	0.3974	0	0.3224	1.091	0	0	0	0	0.98093	0.97681	0.9958	1	0	1	1	0.00717	0	0	0	1	0	1	0.10611	0.10566	0	82.881	0	4.5498	0.39219	0.4001	0.26313	1	1	0.10817	0.3974	0.99975	0.056883	0.40029	0.98949	0.403	0.403	0	0	0	0	0	1	1	0.10611	0.39219	0.99982	0.057695	0.39201	0.99201	0.403	0.403	0	0	0	0	0	1	1	0.10566	0.4001	0.99968	0.056293	0.4013	0.99484	0.403	0.403	0	0	0	0	0	0.3224	1.091	0	1	1	0	0.3483	1.023	0	1	1	0	0.3078	1.119	0	1	1	0	0.014517	1
29.725	31.078	152.81	0.015	0.145	0.131	0	0.11369	0.41113	0.31219	0.268	1.047	1	0	0	0	1.0081	0.97108	0.96325	1	1	0	2	0.020772	0	0	0	1	0	1	0.11461	0.1104	0	82.881	0	4.5498	0.40059	0.39977	0.96349	1	1	0.11369	0.41113	0.99975	0.06131	0.41085	0.99077	0.403	0.403	0	0	0	0	0	1	1	0.11461	0.40059	0.99982	0.059599	0.40173	0.99127	0.403	0.403	0	0	0	0	0	1	1	0.1104	0.39977	0.99971	0.05762	0.40066	0.99343	0.403	0.403	0	0	0	0	0	0.268	1.047	1	0	2	0	0.3042	1.015	1	0	2	0	0.2444	1.071	1	0	2	0	0.020772	1
33.824	31.496	141.82	0.009	0.151	0.08	0	0.12144	0.40065	3.3056	0.3016	1.227	1	0	0	0	0.89801	0.82053	0.91372	1	1	0	3	-0.11867	1	0	0	1	0	1	0.10905	0.099645	0	82.881	0	4.5498	0.38706	0.38662	5.0874	1	1	0.12144	0.40065	0.99734	0.066213	0.40087	0.99539	0.403	0.403	0	0	0	0	0	1	1	0.10905	0.38706	0.99889	0.05755	0.38604	0.99782	0.381	0.381	0	0	0	0	0	1	1	0.099645	0.38662	0.99919	0.050818	0.38672	0.99506	0.381	0.381	0	0	0	0	0	0	0	0	0	4	0	0.3016	1.227	1	0	3	0	0	0	0	0	5	0	0.0096125	1
25.443	31.955	38.133	0.064	0.447	0.183	0.03	0.18166	0.40106	0	0.3867	0.9062	0	0	0	0	0.7044	0.97201	0.72468	0	1	0	2	-0.017342	1	0	0	1	0	1	0.12796	0.17658	0	82.881	0	4.5498	0.35764	0.31087	0.17942	1	1	0.18166	0.40106	0.99603	0.098434	0.40064	0.97788	0.381	0.381	0	0	0	0	0	1	1	0.12796	0.35764	0.99279	0.076244	0.36697	0.99089	0.339	0.339	0	0	0	0	0	1	1	0.17658	0.31087	0.98812	0.096898	0.30744	0.99748	0.275	0.275	0	0	0	0	0	0.3867	0.9062	1	0	2	0	0.3853	0.9638	1	0	2	0	0.3607	0.8533	1	0	2	0	0.0094865	1
24.437	32.253	68.675	0.052	0.271	0.243	0	0.18793	0.37155	0.12774	0.3192	0.7559	0	0	0	0	0.81652	0.98742	0.82692	0	0	1	1	-0.26287	1	0	0	1	0	1	0.15345	0.18557	0	82.881	0	4.5498	0.3939	0.37388	0.38722	1	1	0.18793	0.37155	0.99349	0.10162	0.36503	0.99267	0.339	0.339	0	0	0	0	0	1	1	0.15345	0.3939	0.99804	0.081791	0.39363	0.99733	0.403	0.403	0	0	0	0	0	1	1	0.18557	0.37388	0.98708	0.096938	0.37207	0.99631	0.36	0.36	0	0	0	0	0	0.3192	0.7559	0	1	1	0	0.3637	0.8686	0	1	1	0	0.268	0.6948	0	1	1	0	0.073573	0
21.368	32.755	127.68	0.079	0.322	0.311	0.021	0.14138	0.38312	0.168	0.2848	0.9558	1	0	0	0	1.2602	1.322	0.95328	0	1	0	3	-0.0095345	1	0	0	2	1	0	0.17817	0.1869	0	82.881	0	4.5498	0.39365	0.39245	0.38033	1	2	0.22078	0.39227	0.97669	0.14138	0.38312	0.99929	0.318	0.445	0	0	0	0	0	1	1	0.17817	0.39365	0.99459	0.096753	0.39323	0.99794	0.403	0.403	0	0	0	0	0	1	1	0.1869	0.39245	0.99125	0.10029	0.39704	0.98782	0.381	0.381	0	0	0	0	0	0	0	0	0	4	0	0.2848	0.9558	1	0	3	0	0.5692	1.182	1	0	2	0	0.0095345	1
21.928	32.799	14.891	0.009	0.141	0.077	0.021	0.10871	0.38031	0.21416	0.09895	0.7893	0	0	0	1	0.87785	1.0321	0.85055	1	0	1	1	-0.22701	1	0	0	1	0	1	0.095433	0.1122	0	82.881	0	4.5498	0.39034	0.37305	0.462	1	1	0.10871	0.38031	0.99677	0.063214	0.38145	0.99682	0.381	0.381	0	0	0	0	0	1	1	0.095433	0.39034	0.99656	0.051093	0.39232	0.99729	0.381	0.381	0	0	0	0	0	1	1	0.1122	0.37305	0.99772	0.056339	0.37347	0.99609	0.381	0.381	0	0	0	0	0	0.09895	0.7893	0	1	1	0	0.1013	0.7854	0	1	1	0	0	0	0	0	1	0	0.16165	0
19.529	33.29	33.259	0.059	0.295	0.256	0.021	0.13329	0.3797	1.8952	0.763	1.081	1	0	0	0	1.0021	1.0947	0.91545	0	0	0	3	0.22985	0	0	0	2	1	0	0.13358	0.14591	0	82.881	0	4.5498	0.37113	0.38593	2.0474	1	2	0.2116	0.38203	0.91615	0.13329	0.3797	0.9993	0.318	0.445	0	0	0	0	0	1	1	0.13358	0.37113	0.99917	0.070916	0.37003	0.99103	0.381	0.381	0	0	0	0	0	1	1	0.14591	0.38593	0.99955	0.078339	0.38667	0.99405	0.381	0.381	0	0	0	0	0	0	0	0	0	4	0	0.763	1.081	0	0	3	0	0	0	0	0	4	0	NaN	NaN
19.12	33.454	7.385	0.027	0.323	0.106	0.021	0.12642	0.38525	2.2759	0.699	0.9855	1	0	0	0	0.97258	0.91921	0.94512	1	0	0	3	0.22039	0	0	0	1	0	1	0.12295	0.11621	0	82.881	0	4.5498	0.38514	0.38734	2.4983	1	1	0.12642	0.38525	0.99761	0.064812	0.38321	0.99414	0.381	0.381	0	0	0	0	0	1	1	0.12295	0.38514	0.99276	0.061699	0.38679	0.99328	0.381	0.381	0	0	0	0	0	1	1	0.11621	0.38734	0.99836	0.062615	0.38513	0.99598	0.381	0.381	0	0	0	0	0	0.699	0.9855	0	0	3	0	0.678	0.953	0	0	3	0	0	0	0	0	4	0	NaN	NaN
5.955	36.481	0.871	0.081	0.348	0.296	0.021	0.14988	0.38016	6.4416	0	0	1	0	0	0	0	1.1644	0	0	0	0	0	NaN	NaN	0	0	2	1	0	0	0.17453	0	82.881	0	4.5498	0	0.38243	6.4233	1	2	0.22031	0.39606	0.87264	0.14988	0.38016	0.99811	0.318	0.466	0	0	0	0	0	1	1	0.18322	0.36917	0.95937	0.09966	0.36382	0.99631	0.339	0.339	0	0	0	0	0	1	1	0.17453	0.38243	0.99773	0.094083	0.38247	0.9953	0.381	0.381	0	0	0	0	0	0	0	0	0	0	0	0	0	0	0	0	0	0	0	0	0	0	0	NaN	NaN
12.204	37.698	28.831	0.016	0.195	0.106	0	0.12166	0.3799	4.9682	0	0	1	0	0	0	0.80364	0.89372	0.89921	1	0	0	5	NaN	NaN	0	0	1	0	1	0.09777	0.10873	0	82.881	0	4.5498	0.37025	0.3684	4.9742	1	1	0.12166	0.3799	0.99901	0.063581	0.38058	0.98802	0.381	0.381	0	0	0	0	0	1	1	0.09777	0.37025	0.99725	0.050612	0.3681	0.9935	0.36	0.36	0	0	0	0	0	1	1	0.10873	0.3684	0.99844	0.058259	0.36511	0.99294	0.36	0.36	0	0	0	0	0	0	0	0	0	5	0	0	0	0	0	5	0	0	0	0	0	5	0	NaN	NaN
10.919	38.447	16.518	1.052	2.249	0.595	1.893	0	0	6.454	0.2437	0.9397	1	0	0	0	0	0	0.83257	0	1	0	3	NaN	NaN	0	0	0	0	0	0.20334	0.24423	0	82.881	0	4.5498	0.27129	0.37004	6.4593	1	3	0	0	0	0	0	0	0	0	0.276	0.19	0.265	0.498	0	1	1	0.20334	0.27129	0.99177	0.11038	0.27275	0.99853	0.275	0.275	0	0	0	0	0	1	2	0.12041	0.2479	0.95199	0.24423	0.37004	0.97409	0.254	0.487	0	0	0	0	0	0.2437	0.9397	1	0	3	0	0	0	0	0	4	0	0	0	0	0	4	0	NaN	NaN
8.857	38.503	162.76	0.273	1.002	0.347	0.664	0.17453	0.37011	8.2756	0	0	1	0	0	0	0.57818	0.78096	0.74034	0	0	0	4	NaN	NaN	0	0	2	1	0	0.10091	0.1363	0	82.881	0	4.5498	0.48234	0.5072	8.2748	1	2	0.26329	0.36776	0.79726	0.17453	0.37011	0.99417	0.275	0.466	0	0	0	0	0	1	1	0.10091	0.48234	0.99967	0.053957	0.48517	0.98796	0.487	0.487	0	0	0	0	0	1	1	0.1363	0.5072	0.99792	0.072386	0.50534	0.99199	0.508	0.508	0	0	0	0	0	0	0	0	0	4	0	0	0	0	0	0	0	0	0	0	0	4	0	NaN	NaN
