 	x	1	2	3	4	5	6	7	8	9	10	11	12	13	14	15	16	17	18	19	20	21	22	23	24	25	26	27	28	29	30	31
1	0.021	0	0.000	0.000	0.000	0.000	0.000	0.000	0.000	0.000	0.000	0.000	0.000	0.000	0.000	0.000	0.000	0.000	0.000	0.000	0.000	0.000	0.000	0.000	0.000	0.000	0.000	0.000	0.000	0.000	0.000	0.000
2	0.042	0	0.000	0.000	0.000	0.000	0.000	0.000	0.000	0.000	0.000	0.000	0.000	0.000	0.000	0.000	0.000	0.000	0.000	0.000	0.000	0.000	0.000	0.000	0.000	0.000	0.000	0.000	0.000	0.000	0.000	0.000
3	0.064	0	0.000	0.000	0.000	0.000	0.000	0.000	0.000	0.000	0.000	0.000	0.000	0.000	0.000	0.000	0.000	0.000	0.000	0.000	0.000	0.000	0.000	0.000	0.000	0.000	0.000	0.000	0.000	0.000	0.000	0.000
4	0.085	0	0.000	0.000	0.000	0.000	0.000	0.000	0.000	0.000	0.000	0.000	0.000	0.000	0.000	0.000	0.000	0.000	0.000	0.000	0.000	0.000	0.000	0.000	0.000	0.000	0.000	0.000	0.000	0.000	0.935	0.000
5	0.106	0	0.000	0.000	0.000	0.000	0.000	0.000	0.000	0.000	0.000	0.000	0.000	0.000	0.000	0.000	0.000	0.000	0.000	0.000	0.000	0.000	0.000	0.000	0.000	0.000	0.000	0.000	0.000	0.000	9.712	0.000
6	0.127	0	0.000	0.000	0.000	0.000	0.000	0.000	0.312	0.000	0.000	0.000	0.000	0.000	0.000	0.000	0.000	0.000	0.000	0.000	0.000	0.000	0.000	0.000	0.000	0.000	0.000	0.000	0.000	0.000	18.646	0.000
7	0.148	0	0.000	0.000	0.000	0.000	0.000	0.000	1.307	0.000	0.000	0.000	0.000	0.000	0.000	0.000	0.000	0.000	0.000	0.000	0.000	0.000	0.000	0.000	0.000	0.000	0.000	0.000	0.000	0.000	27.052	0.000
8	0.169	0	0.000	0.000	0.000	0.000	0.029	0.000	2.945	0.000	0.000	0.385	0.291	0.008	0.000	0.000	0.000	0.000	0.000	0.000	0.000	0.000	0.000	0.000	0.000	0.000	0.000	0.000	0.000	0.000	38.998	0.000
9	0.191	0	0.000	0.000	0.000	0.000	2.323	0.000	4.251	0.000	0.000	1.046	2.521	0.130	0.000	0.000	0.000	0.000	0.000	0.000	0.000	0.000	0.000	0.000	0.000	0.000	0.000	0.000	0.000	0.000	52.198	0.000
10	0.212	0	0.226	0.815	0.000	0.000	7.308	0.000	7.004	0.000	0.739	2.203	7.024	0.833	0.867	0.000	0.000	0.000	0.000	0.000	0.000	0.000	0.002	0.000	0.005	0.000	0.000	0.000	0.000	0.000	62.745	0.000
11	0.233	0	2.757	3.806	0.000	0.000	14.183	3.887	7.416	0.564	1.939	3.547	12.517	3.181	3.355	0.002	0.000	0.000	0.000	0.000	0.000	0.000	1.547	1.002	1.525	0.000	0.549	0.000	1.863	0.000	67.763	0.000
12	0.254	0	5.151	9.918	0.000	0.000	21.256	13.477	7.045	3.013	3.804	5.073	17.420	4.828	5.436	1.133	0.000	0.000	0.000	0.000	0.000	0.000	5.031	3.491	5.114	0.000	4.060	0.000	5.265	0.000	69.503	0.000
13	0.275	0	7.382	17.802	0.000	0.171	27.225	24.625	6.530	6.211	5.944	6.851	19.553	7.578	7.304	4.402	3.577	0.000	5.684	0.721	0.623	0.000	11.539	6.727	10.808	0.000	8.476	0.000	10.927	0.668	70.524	0.000
14	0.297	0	8.865	23.176	0.000	2.389	30.432	32.532	12.871	11.064	8.335	8.047	20.284	10.618	10.656	9.777	10.422	0.112	21.870	5.823	4.571	3.624	22.527	12.108	17.677	0.000	13.212	0.338	16.336	5.938	70.211	0.000
15	0.318	0	11.588	24.552	5.600	9.614	31.995	37.386	17.556	18.496	10.196	8.978	19.200	12.666	15.570	17.776	15.963	4.223	27.574	13.281	10.818	13.637	34.248	18.563	24.086	7.445	17.637	10.781	19.924	16.510	67.085	0.000
16	0.339	0	14.131	21.387	18.112	20.327	31.960	38.028	23.476	27.526	11.503	8.350	15.931	12.951	20.592	26.221	16.877	15.355	31.919	24.625	19.610	24.768	41.788	24.973	29.593	16.462	22.754	16.145	20.584	30.073	59.791	0.000
17	0.360	0	17.029	16.304	28.095	33.901	30.918	33.897	30.939	35.925	13.692	8.635	13.959	12.753	23.081	31.091	13.697	25.300	34.328	37.298	30.633	34.951	41.586	30.426	32.949	29.008	26.475	20.349	19.316	35.354	48.206	1.281
18	0.381	0	19.586	11.092	34.530	41.827	29.505	26.366	37.051	41.219	15.698	7.715	11.861	12.351	24.404	29.831	8.208	31.820	33.915	47.859	40.328	39.644	35.975	33.441	35.090	35.070	27.027	22.234	17.560	32.686	35.283	5.362
19	0.403	0	21.886	8.638	37.209	40.976	29.345	18.485	38.144	42.467	17.200	7.355	10.487	12.126	21.650	23.477	3.807	33.234	31.487	49.022	43.618	38.459	29.612	34.123	35.894	34.838	23.367	20.919	15.974	24.751	23.422	11.931
20	0.424	0	24.036	7.818	33.623	31.258	30.986	12.108	33.068	39.723	17.370	6.829	9.800	11.464	18.396	13.987	1.100	32.279	28.509	39.326	39.269	31.135	25.619	32.028	34.106	28.379	17.714	17.320	14.537	15.774	14.149	22.053
21	0.445	0	24.910	6.533	21.219	16.977	33.708	4.924	24.815	34.603	14.994	6.373	10.277	9.870	14.414	6.350	0.000	29.373	26.061	24.871	28.692	19.584	22.073	27.719	30.367	19.926	11.720	12.936	13.002	9.150	7.736	37.258
22	0.466	0	23.154	8.184	9.815	6.902	36.174	0.416	16.749	29.109	11.964	5.892	10.681	7.623	10.730	2.181	0.000	22.668	12.890	12.808	17.702	9.698	12.990	20.755	24.851	4.461	6.571	8.921	11.198	4.394	3.317	51.993
23	0.487	0	18.890	14.855	2.673	1.873	37.243	0.000	10.764	23.722	8.497	4.759	10.501	5.265	7.977	0.218	0.000	13.645	7.607	5.904	10.008	3.042	0.863	12.808	18.206	0.000	3.262	2.102	7.430	0.000	0.922	56.528
24	0.508	0	14.331	23.675	0.000	0.000	36.566	0.000	2.678	17.011	5.239	3.357	9.957	3.581	5.471	0.000	0.000	2.767	5.443	1.717	4.199	0.094	0.000	6.128	11.797	0.000	1.082	0.011	5.399	0.000	0.000	46.737
25	0.530	0	9.378	32.628	0.000	0.000	34.057	0.000	0.000	10.124	3.702	2.278	7.223	2.409	3.324	0.000	0.000	0.000	6.553	0.000	0.415	0.000	0.000	0.521	6.695	0.000	0.128	0.000	2.325	0.000	0.000	30.039
26	0.551	0	6.484	38.223	0.000	0.000	28.231	0.000	0.000	3.443	0.585	1.597	4.030	0.936	1.528	0.000	0.000	0.000	3.551	0.000	0.000	0.000	0.000	0.000	3.375	0.000	0.000	0.000	0.000	0.000	0.000	15.852
27	0.572	0	3.492	39.033	0.000	0.000	20.098	0.000	0.000	0.000	0.000	0.510	1.245	0.230	0.490	0.000	0.000	0.000	0.868	0.000	0.000	0.000	0.000	0.000	1.211	0.000	0.000	0.000	0.000	0.000	0.000	7.158
28	0.593	0	0.108	32.666	0.000	0.000	12.621	0.000	0.000	0.000	0.000	0.168	0.000	0.006	0.000	0.000	0.000	0.000	0.000	0.000	0.000	0.000	0.000	0.000	0.000	0.000	0.000	0.000	0.000	0.000	0.000	1.966
29	0.614	0	0.000	20.732	0.000	0.000	6.173	0.000	0.000	0.000	0.000	0.000	0.000	0.000	0.000	0.000	0.000	0.000	0.000	0.000	0.000	0.000	0.000	0.000	0.000	0.000	0.000	0.000	0.000	0.000	0.000	0.000
30	0.636	0	0.000	10.341	0.000	0.000	1.745	0.000	0.000	0.000	0.000	0.000	0.000	0.000	0.000	0.000	0.000	0.000	0.000	0.000	0.000	0.000	0.000	0.000	0.000	0.000	0.000	0.000	0.000	0.000	0.000	0.000
31	0.657	0	0.000	2.135	0.000	0.000	0.000	0.000	0.000	0.000	0.000	0.000	0.000	0.000	0.000	0.000	0.000	0.000	0.000	0.000	0.000	0.000	0.000	0.000	0.000	0.000	0.000	0.000	0.000	0.000	0.000	0.000
32	0.678	0	0.000	0.000	0.000	0.000	0.000	0.000	0.000	0.000	0.000	0.000	0.000	0.000	0.000	0.000	0.000	0.000	0.000	0.000	0.000	0.000	0.000	0.000	0.000	0.000	0.000	0.000	0.000	0.000	0.000	0.000
33	0.699	0	0.000	0.000	0.000	0.000	0.000	0.000	0.000	0.000	0.000	0.000	0.000	0.000	0.000	0.000	0.000	0.000	0.000	0.000	0.000	0.000	0.000	0.000	0.000	0.000	0.000	0.000	0.000	0.000	0.000	0.000
34	0.720	0	0.000	0.000	0.000	0.000	0.000	0.000	0.000	0.000	0.000	0.000	0.000	0.000	0.000	0.000	0.000	0.000	0.000	0.000	0.000	0.000	0.000	0.000	0.000	0.000	0.000	0.000	0.000	0.000	0.000	0.000
35	0.742	0	0.000	0.000	0.000	0.000	0.000	0.000	0.000	0.000	0.000	0.000	0.000	0.000	0.000	0.000	0.000	0.000	0.000	0.000	0.000	0.000	0.000	0.000	0.000	0.000	0.000	0.000	0.000	0.000	0.000	0.000
36	0.763	0	0.000	0.000	0.000	0.000	0.000	0.000	0.000	0.000	0.000	0.000	0.000	0.000	0.000	0.000	0.000	0.000	0.000	0.000	0.000	0.000	0.000	0.000	0.000	0.000	0.000	0.000	0.000	0.000	0.000	0.000
37	0.000	0	0.000	0.000	0.000	0.000	0.000	0.000	0.000	0.000	0.000	0.000	0.000	0.000	0.000	0.000	0.000	0.000	0.000	0.000	0.000	0.000	0.000	0.000	0.000	0.000	0.000	0.000	0.000	0.000	0.000	0.000
