 	x	1	2	3	4	5	6	7	8	9	10	11	12	13	14	15	16	17	18	19	20	21
1	0.030	0.384	5.505	6.773	0.000	0.000	12.341	4.160	3.008	0.130	0.000	0.000	0.000	0.000	0.000	0.000	0.000	0.000	0.000	0.000	0.000	0.000
2	0.060	0.475	5.856	6.549	0.000	0.000	11.923	5.608	2.801	0.126	0.000	0.000	0.000	0.000	0.000	0.000	0.000	0.000	0.000	0.000	0.000	0.000
3	0.089	0.588	6.437	6.658	0.000	0.000	10.167	6.526	2.889	0.211	0.000	1.852E-4	0.000	0.000	0.000	0.000	0.000	0.000	0.000	0.000	0.000	0.000
4	0.119	0.700	7.569	7.013	0.000	0.000	8.014	6.869	3.455	0.264	0.000	0.008	0.000	0.000	0.000	0.000	0.002	4.370E-5	0.000	0.000	0.000	0.000
5	0.149	0.833	8.333	7.525	0.000	0.000	6.587	6.984	4.135	0.200	0.000	0.006	0.000	0.000	0.000	0.000	0.106	0.005	0.000	0.000	0.088	0.000
6	0.179	0.970	7.984	7.469	0.000	0.000	6.347	7.490	4.148	0.129	0.000	0.026	0.053	0.000	0.000	0.000	0.483	0.017	0.000	0.000	0.171	0.000
7	0.209	1.004	7.409	6.348	0.000	0.000	7.073	8.480	3.772	0.124	0.000	0.016	1.657	0.000	0.000	0.000	1.000	0.021	1.092E-8	4.199E-7	0.309	0.000
8	0.239	0.939	7.290	5.073	0.000	0.000	7.687	9.250	3.780	0.222	0.000	0.012	5.190	0.000	0.000	0.000	1.184	0.040	1.678E-5	0.003	0.568	0.000
9	0.268	0.905	7.314	4.563	0.157	0.000	7.620	9.849	4.122	0.352	0.000	0.039	6.977	0.000	0.019	0.000	1.143	0.076	0.001	0.009	0.749	0.000
10	0.298	0.858	6.879	4.995	2.363	0.000	7.042	10.892	4.459	0.385	0.000	0.112	7.593	0.000	0.426	0.000	1.116	0.057	0.014	0.009	0.711	0.000
11	0.328	0.673	6.363	6.013	3.832	0.000	6.185	12.242	4.580	0.401	0.000	0.224	7.257	0.000	1.202	0.000	1.157	0.066	0.058	0.023	0.813	0.000
12	0.358	0.473	6.241	6.922	5.382	0.000	5.282	13.384	4.983	0.693	0.000	0.306	6.524	0.000	2.154	0.000	1.512	0.067	0.104	0.066	1.225	0.000
13	0.388	0.413	6.639	7.125	6.505	0.000	4.717	14.149	6.278	1.420	0.000	0.409	6.027	0.000	3.273	0.000	2.131	0.038	0.068	0.142	1.830	0.000
14	0.417	0.496	6.990	6.419	6.380	0.000	4.645	13.976	8.736	2.191	0.000	0.733	6.436	0.000	3.580	0.026	2.413	0.055	0.017	0.281	2.386	0.000
15	0.447	0.202	7.200	5.314	5.461	0.000	4.621	13.099	11.745	2.095	0.098	1.666	7.306	0.000	3.418	0.142	2.248	0.132	0.014	0.727	2.514	0.000
16	0.477	0.427	7.232	4.596	4.379	0.000	4.281	12.530	13.960	1.658	0.751	4.257	8.519	0.000	3.244	0.553	2.167	0.210	0.052	1.682	2.177	0.000
17	0.507	5.007	6.928	4.572	3.516	0.000	3.727	11.894	13.774	2.785	1.503	9.691	10.003	0.000	3.282	1.077	2.464	0.272	0.143	2.488	1.917	1.794
18	0.537	5.007	6.375	5.215	3.299	0.000	3.438	9.719	11.812	3.594	1.759	15.711	11.220	0.000	3.762	1.731	3.317	0.381	0.259	2.548	2.101	1.597
19	0.567	4.663	6.115	6.051	4.125	0.000	3.451	6.692	9.370	3.688	2.097	17.113	11.529	0.000	5.000	2.701	4.702	0.567	0.418	2.401	2.994	1.507
20	0.596	4.091	6.391	6.318	5.945	0.000	3.478	4.633	8.272	3.807	2.076	14.082	11.058	0.000	6.390	3.985	5.858	0.838	0.667	2.375	4.569	1.451
21	0.626	3.537	7.103	6.008	7.934	0.000	3.246	3.908	8.351	3.635	1.738	9.898	10.583	0.000	6.852	5.290	5.248	1.183	1.232	2.334	5.953	1.457
22	0.656	3.304	7.851	5.756	9.226	0.000	3.067	4.226	9.015	3.449	1.447	6.267	10.606	1.863E-7	5.761	6.521	3.654	1.474	2.281	2.213	6.437	1.728
23	0.686	3.237	8.180	5.783	9.901	0.000	3.268	5.099	9.774	3.508	1.226	4.404	11.019	7.971E-5	4.371	7.336	2.322	1.651	3.338	2.537	6.409	2.202
24	0.716	3.144	8.169	5.749	10.616	0.000	4.002	5.616	9.898	3.367	1.067	4.707	11.433	0.002	3.702	7.542	1.782	1.869	3.842	3.463	6.445	2.307
25	0.745	3.208	7.910	5.504	11.733	0.000	5.185	5.475	8.828	3.140	1.121	6.890	11.696	0.018	3.904	7.270	1.744	2.423	4.070	4.492	6.868	1.913
26	0.775	3.573	7.808	5.137	12.712	0.000	6.382	5.330	6.908	3.170	1.593	9.604	12.223	0.075	4.390	6.685	2.053	3.168	4.135	5.261	7.532	1.469
27	0.805	3.968	7.722	4.415	12.581	0.698	6.919	5.538	5.242	3.878	2.375	10.607	12.807	0.221	4.380	5.658	2.651	3.693	3.760	5.706	7.927	1.435
28	0.835	3.984	7.719	3.383	11.683	2.478	6.464	5.757	4.195	5.276	2.661	9.616	11.987	0.510	4.046	4.706	3.536	3.991	3.161	6.173	7.642	2.005
29	0.865	3.748	7.795	2.630	10.992	5.442	5.467	5.769	3.678	6.978	2.194	7.827	9.977	0.966	3.617	4.476	4.508	4.162	2.834	6.920	6.508	2.773
30	0.895	3.646	7.886	2.529	10.896	7.475	4.593	5.761	3.586	7.871	1.855	6.197	7.938	1.531	3.454	5.102	5.091	4.292	2.827	7.797	4.949	2.787
31	0.924	3.859	8.182	3.128	11.177	7.898	4.362	6.019	3.865	7.279	2.115	5.176	6.580	2.079	3.323	6.358	5.385	4.447	3.162	8.626	3.617	2.243
32	0.954	4.263	8.568	4.079	11.138	7.376	4.622	6.523	4.280	6.087	2.723	5.013	5.597	2.563	3.042	7.525	5.901	4.494	3.524	8.529	2.971	1.922
33	0.984	4.677	8.938	4.434	10.231	6.948	5.218	6.910	4.362	5.643	3.116	5.701	4.863	3.015	2.674	8.054	6.665	4.447	3.404	7.189	3.010	1.909
34	1.014	5.719	9.349	3.847	8.886	6.743	5.693	6.709	3.971	6.396	3.325	7.050	4.414	3.217	2.318	8.460	7.370	4.395	3.009	5.560	3.397	2.002
35	1.044	8.400	9.878	3.438	8.089	6.340	6.110	6.334	3.485	7.947	3.530	8.905	4.175	3.399	2.192	9.731	7.703	4.434	2.922	4.585	3.702	2.097
36	1.073	11.283	10.567	4.380	8.101	5.805	6.502	6.659	3.411	9.180	3.335	10.663	3.972	3.999	2.350	11.393	7.691	4.496	3.327	4.155	3.507	2.033
37	1.103	8.211	11.097	6.656	8.124	5.382	6.891	7.647	3.777	8.812	2.665	10.834	3.864	4.826	2.448	11.869	7.342	4.077	3.958	3.512	2.839	1.671
38	1.133	4.108	11.358	5.494	7.651	4.919	6.868	8.152	4.139	7.366	2.080	9.015	3.940	4.502	2.528	11.129	7.066	3.153	4.399	2.391	2.246	1.295
39	1.163	0.000	11.200	5.494	7.205	4.362	6.341	7.559	4.158	6.148	1.897	6.341	4.262	3.402	3.058	10.490	7.679	2.395	4.567	1.513	2.151	1.213
40	1.193	0.000	10.854	0.000	7.120	3.920	5.297	6.486	3.763	5.565	2.006	3.845	4.575	2.941	4.126	10.724	9.709	2.206	4.699	1.304	2.452	1.624
41	1.223	0.000	10.901	0.000	7.089	3.785	3.963	5.621	3.138	5.324	2.216	2.030	4.579	3.281	5.605	11.342	12.654	2.692	4.924	1.821	2.388	2.427
42	1.252	0.000	11.220	0.000	7.078	3.896	2.629	5.211	2.375	5.411	2.373	1.002	3.978	3.742	7.365	11.780	15.144	3.774	4.994	2.837	1.518	3.196
43	1.282	0.000	11.242	0.000	7.374	3.759	1.667	5.398	1.975	5.746	2.504	0.438	3.367	3.614	9.715	11.518	16.042	4.982	5.119	3.337	0.658	3.486
44	1.312	0.000	10.823	0.000	8.018	3.206	1.032	6.102	2.251	5.786	2.819	0.158	3.328	2.977	12.506	10.534	16.119	5.563	4.765	2.831	0.249	3.123
45	1.342	0.000	10.229	0.000	8.627	2.778	0.741	6.562	3.208	5.153	3.430	0.077	3.934	2.269	14.804	9.552	16.167	5.618	3.815	2.494	0.098	2.470
46	1.372	0.000	9.623	0.000	8.863	2.910	0.624	6.020	4.035	4.300	4.132	0.111	4.700	1.688	16.525	9.092	15.785	5.340	2.378	3.395	0.099	2.118
47	1.401	0.000	9.118	0.000	8.842	3.704	0.494	4.929	4.081	3.807	4.581	0.228	5.123	1.225	17.025	9.113	14.328	4.514	1.123	5.946	0.140	2.282
48	1.431	0.000	8.569	0.000	8.856	4.955	0.378	3.856	3.905	3.312	4.647	0.297	5.328	0.945	16.577	8.720	11.842	3.195	0.445	9.222	0.105	2.430
49	1.461	0.000	7.926	0.000	8.748	6.051	0.361	2.878	4.377	2.596	4.652	0.287	5.930	0.892	16.104	7.507	8.771	1.861	0.189	10.716	0.032	2.147
50	1.491	0.000	7.449	0.000	8.134	6.416	0.427	2.231	5.473	1.905	4.875	0.205	7.276	1.041	15.659	6.164	6.000	0.989	0.129	9.603	0.003	1.902
51	1.521	0.000	7.121	0.000	7.233	5.811	0.378	2.036	6.896	1.553	5.356	0.112	8.796	1.266	14.916	5.667	3.806	0.479	0.138	7.590	1.038E-4	1.671
52	1.551	0.000	6.503	0.000	6.698	4.773	0.254	2.139	7.675	1.211	5.745	0.105	9.297	1.467	13.709	5.940	2.445	0.220	0.164	6.158	3.898E-7	0.000
53	1.580	0.000	5.560	0.000	6.935	4.135	0.209	2.093	7.189	0.789	5.643	0.067	8.717	1.515	12.732	5.805	1.922	0.106	0.149	5.619	0.000	0.000
54	1.610	0.000	4.963	0.000	7.773	4.069	0.185	1.794	5.739	0.534	5.196	0.038	7.975	1.380	11.922	4.632	1.802	0.047	0.069	5.453	0.000	0.000
55	1.640	0.000	4.914	0.000	8.316	4.201	0.163	1.541	4.188	0.457	4.866	0.038	7.953	1.075	11.074	3.359	1.634	0.019	0.012	5.111	0.000	0.000
56	1.670	0.000	4.956	0.000	7.622	4.596	0.177	1.586	2.968	0.452	4.779	0.042	8.607	0.662	9.952	3.037	1.458	0.011	5.248E-4	4.319	0.000	0.000
57	1.700	0.000	4.547	0.000	6.031	5.709	0.135	1.860	2.187	0.398	4.911	0.031	9.954	0.287	8.579	3.969	1.165	0.003	2.464E-6	3.324	0.000	0.000
58	1.729	0.000	3.664	0.000	4.758	7.281	0.038	2.054	1.746	0.274	5.413	0.012	11.510	0.081	7.254	6.024	0.716	2.279E-4	1.996E-9	2.505	0.000	0.000
59	1.759	0.000	2.699	0.000	4.459	8.150	0.016	1.069	2.015	0.184	6.449	0.013	12.702	0.016	6.347	8.125	0.348	2.594E-6	0.000	1.927	0.000	0.000
60	1.789	0.000	2.108	0.000	5.027	7.732	0.011	0.061	2.575	0.179	7.891	0.064	12.899	0.001	6.176	9.382	0.164	1.198E-6	0.000	1.603	0.000	0.000
61	1.819	0.000	1.957	0.000	6.081	6.839	0.000	5.261E-4	3.216	0.161	9.263	0.127	12.705	3.017E-5	6.233	10.160	0.058	2.824E-4	0.000	1.551	0.000	0.000
62	1.849	0.000	1.924	0.000	7.077	6.500	0.000	0.000	2.785	0.111	10.135	0.090	12.640	4.853E-7	5.520	11.473	0.019	0.010	0.000	1.751	0.000	0.000
63	1.879	0.000	1.762	0.000	7.448	6.887	0.000	0.000	0.000	0.055	10.520	0.020	13.642	0.000	4.010	13.491	0.010	0.057	0.000	1.959	0.000	0.000
64	1.908	0.000	1.517	0.000	7.163	7.406	0.000	0.169	0.015	0.022	10.502	1.560E-5	15.721	0.000	2.655	15.028	0.005	0.055	0.000	2.048	0.000	0.000
65	1.938	0.000	1.297	0.000	6.505	7.441	0.000	0.462	0.226	0.042	10.086	0.000	17.099	0.000	1.757	14.840	8.920E-4	0.010	0.000	1.994	0.000	0.000
66	1.968	0.000	1.088	0.000	5.534	7.166	0.000	0.613	0.416	0.074	9.428	0.000	16.881	0.000	1.179	13.204	5.598E-5	2.959E-4	0.000	1.937	0.000	0.000
67	1.998	0.000	0.873	0.000	4.504	6.859	0.000	0.711	0.660	0.070	8.624	0.000	15.527	0.000	0.854	11.484	3.402E-7	5.844E-6	0.000	2.131	0.000	0.000
68	2.028	0.000	0.715	0.000	3.839	6.629	0.000	0.000	0.927	0.000	0.000	0.000	14.133	0.000	0.634	10.504	0.000	7.154E-8	0.000	0.000	0.000	0.000
