 	x	1	2	3	4	5	6	7	8	9	10	11	12	13	14	15	16	17	18	19	20	21	22	23	24	25	26	27	28	29	30	31	32	33	34	35	36
1	0.030	0.000	0	2.564	0.000	0.000	0.000	0.000	76.324	0.000	0.000	0.000	0.000	0.000	0.000	0.000	0.000	0.000	0.000	0.000	0.000	0.000	0.000	0.000	31.893	0.000	0.000	0.000	0.000	0.000	0.000	0.000	0.000	0.000	0.000	0.000	0.000
2	0.060	0.000	0	0.931	0.000	0.000	0.000	0.000	47.870	0.000	0.000	0.000	0.000	0.000	0.000	0.000	0.000	0.000	0.000	0.000	0.000	0.000	0.000	0.000	21.489	0.000	0.000	0.000	0.000	0.000	0.000	0.000	0.000	0.000	0.000	0.000	0.000
3	0.089	0.000	0	0.938	0.000	0.000	0.342	1.554	21.019	0.000	0.000	0.000	0.000	0.000	0.000	0.000	0.000	0.000	0.000	0.000	0.000	0.000	0.000	0.000	11.266	0.000	0.000	0.000	0.000	0.000	0.099	0.000	0.000	0.000	0.000	0.000	0.000
4	0.119	0.000	0	0.000	0.000	0.000	3.264	12.214	8.049	0.000	0.000	0.000	0.000	2.295	0.000	0.000	0.000	0.000	0.000	0.000	0.000	0.000	0.000	0.000	2.647	0.000	0.000	0.000	0.000	0.000	0.973	0.000	0.000	0.000	0.000	0.000	0.000
5	0.149	0.000	0	0.000	0.675	0.000	6.600	19.994	2.911	0.000	0.000	0.588	0.000	7.916	0.000	0.000	0.285	0.214	0.000	0.000	0.305	0.000	0.000	0.000	0.000	0.000	0.000	0.000	0.667	0.000	2.472	0.738	0.000	0.000	0.000	0.000	0.000
6	0.179	0.000	0	0.000	1.937	1.534	14.053	27.424	0.258	0.000	0.000	1.868	0.210	13.626	0.000	0.836	1.599	3.941	0.000	0.000	0.784	0.000	0.000	0.000	1.693	1.671	0.000	0.080	2.040	0.000	4.914	2.840	0.000	0.000	0.792	0.000	0.000
7	0.209	0.000	0	0.000	2.314	22.249	27.370	32.560	0.853	0.000	0.000	3.935	0.644	29.148	0.252	2.101	3.736	12.465	0.000	0.000	1.563	0.000	0.000	0.000	6.867	7.258	0.000	1.688	3.639	0.905	7.577	7.165	0.000	0.000	1.183	0.000	0.000
8	0.239	0.000	0	1.123	4.020	24.608	44.221	34.990	3.852	0.000	3.365	8.179	2.595	49.695	1.248	2.816	9.557	20.626	0.000	0.315	2.297	0.451	0.787	0.000	9.291	11.504	0.000	6.940	6.514	4.033	14.038	15.206	0.000	0.000	1.680	0.000	6.513E-4
9	0.268	0.000	0	2.537	6.713	20.759	52.216	35.780	7.276	0.000	8.632	17.189	5.474	59.403	3.980	5.459	18.655	28.422	3.699	2.513	4.866	3.778	2.328	0.000	17.196	15.676	0.000	18.741	11.425	7.887	19.946	24.585	0.000	0.830	2.282	5.404	2.911
10	0.298	2.291	0	5.046	11.093	13.061	49.689	34.920	13.264	0.730	14.992	29.808	10.112	54.130	9.964	12.757	29.246	34.255	11.865	5.704	9.172	11.736	5.002	0.162	24.945	17.821	0.456	33.032	19.105	11.520	33.163	29.259	0.000	7.302	3.131	12.053	6.232
11	0.328	3.791	0	8.698	15.503	9.932	47.272	32.268	20.429	7.624	22.787	41.691	17.625	45.109	17.435	21.877	35.699	33.169	17.313	10.171	12.732	22.071	10.567	1.444	31.270	16.289	2.163	39.932	25.523	11.006	50.077	28.441	0.475	19.257	4.005	25.320	12.888
12	0.358	7.729	0	14.429	18.019	10.442	51.393	27.741	25.362	18.161	31.731	46.938	26.270	39.933	21.875	28.609	38.100	26.760	22.455	15.801	14.994	30.422	19.329	4.673	31.618	11.169	6.610	38.432	28.442	8.061	57.137	25.667	5.400	33.861	4.010	40.189	31.046
13	0.388	15.316	0	19.702	19.088	12.614	58.372	22.053	27.100	26.406	37.908	47.501	40.049	37.834	24.141	31.275	38.025	17.945	24.847	25.020	17.619	33.570	26.338	10.822	28.410	6.078	15.289	33.964	27.700	4.750	52.133	25.909	14.732	43.991	3.993	42.651	55.592
14	0.417	27.738	0	23.700	19.647	12.413	57.805	15.745	26.934	28.184	34.905	43.403	52.389	38.679	23.834	35.229	37.893	11.937	25.097	31.021	18.580	27.185	27.615	21.945	25.001	2.860	23.164	26.816	28.249	2.694	43.118	29.770	25.553	47.748	4.194	31.248	46.558
15	0.447	38.881	0	30.168	18.839	11.488	45.717	10.056	26.162	24.345	22.879	34.731	49.996	41.111	20.494	39.006	33.239	8.205	24.674	33.222	16.773	17.805	21.740	36.569	21.871	0.548	21.050	17.003	29.726	1.316	34.753	31.795	33.338	44.589	4.420	18.598	13.796
16	0.477	27.665	0	37.735	15.941	9.412	29.958	5.528	20.952	19.885	11.194	25.039	33.678	42.901	15.095	36.793	24.294	5.597	17.808	31.485	15.376	10.599	12.748	49.722	17.113	0.000	16.565	7.835	28.382	0.494	25.607	24.668	32.652	33.274	3.401	10.346	8.334
17	0.507	27.665	0	25.814	14.332	6.268	17.151	3.057	12.444	22.466	4.925	16.315	19.489	38.638	10.306	25.992	13.881	3.667	4.475	26.218	15.913	6.264	6.136	57.012	10.872	0.000	11.070	1.966	22.902	0.184	16.054	13.387	22.277	20.047	2.073	6.011	0.000
18	0.537	0.000	0	25.814	12.324	3.992	7.312	2.057	5.487	35.346	1.333	9.991	14.943	29.424	6.239	13.331	6.690	1.923	4.668	18.161	15.698	1.243	2.927	52.501	6.838	0.000	6.201	0.076	15.503	0.000	7.872	5.466	11.294	11.776	1.171	0.000	0.000
19	0.567	0.000	0	0.000	12.755	2.564	3.108	1.061	2.229	54.539	0.000	5.181	17.909	19.778	3.071	4.946	2.355	0.719	7.864	10.277	13.335	0.000	1.189	34.383	4.471	0.000	2.853	0.000	9.215	0.000	3.210	1.758	4.394	9.091	0.130	0.000	0.000
20	0.596	0.000	0	0.000	15.430	1.895	1.207	0.526	0.665	61.933	0.000	2.286	7.570	13.272	0.678	1.898	0.164	0.015	10.197	4.971	9.401	0.000	0.000	17.478	2.953	0.000	0.594	0.000	4.899	0.000	1.141	0.352	1.433	11.146	0.000	0.000	0.000
21	0.626	0.000	0	0.000	21.425	1.394	0.037	0.155	0.020	50.666	0.000	0.594	0.041	7.815	0.000	0.510	0.000	0.000	15.809	1.821	6.010	0.000	0.000	10.496	0.428	0.000	0.000	0.000	2.415	0.000	0.340	0.017	0.082	19.139	0.000	0.000	0.000
22	0.656	0.000	0	0.000	30.178	0.000	0.000	0.000	0.000	32.346	0.000	0.000	0.000	0.614	0.000	0.000	0.000	0.000	18.322	8.838E-4	2.881	0.000	0.000	12.926	0.000	0.000	0.000	0.000	0.686	0.000	0.000	0.000	0.000	33.052	0.000	0.000	0.000
23	0.686	0.000	0	0.000	36.446	0.000	0.000	0.000	0.000	17.946	0.000	0.000	0.000	0.000	0.000	0.000	0.000	0.000	22.297	0.000	1.402	0.000	0.000	26.426	0.000	0.000	0.000	0.000	0.000	0.000	0.000	0.000	0.000	44.881	0.000	0.000	0.000
24	0.716	0.000	0	0.000	38.712	0.000	0.000	0.000	0.000	11.341	0.000	0.000	0.000	0.000	0.000	0.000	0.000	0.000	27.155	0.000	0.146	0.000	0.000	50.507	0.000	0.000	0.018	0.000	0.000	0.000	0.000	0.000	0.000	47.690	0.000	0.000	0.000
25	0.745	0.000	0	0.000	41.045	0.000	0.000	0.000	0.000	7.182	0.000	0.000	0.000	0.000	0.000	0.000	0.000	0.000	35.457	0.000	0.000	0.000	0.000	65.318	0.000	0.000	1.675	0.000	0.000	0.000	0.000	0.000	0.000	44.234	0.000	0.000	0.000
26	0.775	0.000	0	0.000	43.418	0.000	0.000	0.000	0.000	3.538	0.000	0.000	0.000	0.000	0.000	0.000	0.000	0.000	44.185	0.000	0.000	0.000	0.000	56.593	0.000	0.000	4.206	0.000	0.000	0.000	0.000	0.000	0.000	0.000	0.000	0.000	0.000
