 	x	1	2	3	4	5	6	7	8	9	10	11	12	13	14	15	16	17	18	19	20	21	22	23	24	25
1	0.021	0.000	0.000	0.000	0.000	0.000	0.000	2.087	0.000	0.000	8.351	0.000	0.000	0.000	0.000	0.000	0.000	0.000	0.000	0.000	0.000	0.000	0.000	0.000	0.000	0.000
2	0.042	0.000	0.000	0.000	0.000	0.000	0.000	2.214	0.000	0.000	7.479	0.000	0.000	0.000	0.000	0.000	0.000	0.000	0.000	0.000	0.000	0.000	0.000	0.000	0.000	0.000
3	0.064	0.000	0.000	0.000	0.000	0.000	0.000	2.383	0.000	0.000	6.790	0.000	0.000	0.000	0.000	0.000	0.000	0.000	0.000	0.000	0.000	0.000	0.000	0.000	0.000	0.000
4	0.085	0.000	0.000	0.000	0.000	0.000	0.000	2.388	0.000	0.000	6.481	0.000	0.000	0.000	0.000	0.000	0.000	0.000	0.000	0.000	0.000	0.000	0.000	0.000	0.000	0.000
5	0.106	0.000	0.000	0.000	0.000	0.000	0.000	2.174	0.000	0.000	5.834	0.000	0.000	0.000	0.000	0.000	0.000	0.000	0.000	0.000	0.000	0.000	0.000	0.000	0.000	0.000
6	0.127	0.000	0.000	0.000	0.000	0.000	0.000	1.929	0.000	0.000	4.833	0.000	0.000	0.000	0.000	0.000	0.000	0.000	0.000	0.000	0.000	0.000	0.000	0.000	0.000	0.000
7	0.148	0.000	0.000	0.000	0.000	0.000	0.000	1.851	0.000	0.000	3.819	0.000	0.000	0.000	0.000	0.000	0.000	0.000	0.000	0.000	0.000	0.000	0.000	0.000	0.000	0.000
8	0.169	0.000	0.000	0.000	0.000	0.000	0.000	1.977	0.000	0.000	3.219	0.000	0.000	0.000	0.000	0.000	0.000	0.000	0.000	0.000	0.000	0.000	0.000	0.000	0.000	0.000
9	0.191	0.000	0.000	0.000	0.000	0.000	0.000	2.207	0.000	0.000	3.074	0.000	0.000	0.000	0.000	0.000	0.000	0.000	0.000	0.000	0.000	0.000	0.000	0.000	0.000	0.000
10	0.212	0.000	0.000	0.000	0.000	0.000	0.000	2.476	0.000	0.000	3.146	0.000	0.000	0.000	0.000	0.000	0.000	0.000	0.000	0.000	0.000	0.000	0.000	0.000	0.000	0.000
11	0.233	0.000	0.000	0.000	0.000	0.000	0.000	2.780	0.000	0.000	3.137	0.000	0.000	0.000	0.000	0.000	0.000	0.000	0.000	0.000	0.000	0.000	0.000	0.000	0.000	0.000
12	0.254	0.000	0.000	0.000	0.000	0.000	0.000	3.092	0.000	0.000	3.020	0.000	0.000	0.000	0.000	0.000	0.000	0.000	0.000	0.000	0.000	0.000	0.000	0.000	0.000	0.000
13	0.275	0.000	0.000	0.000	0.000	0.000	0.000	3.279	0.000	0.000	2.996	0.000	0.000	0.000	0.000	0.000	0.000	0.000	0.000	0.000	0.000	0.000	0.000	0.000	0.000	0.000
14	0.297	0.000	0.000	0.000	0.000	0.000	0.000	3.217	0.000	0.000	3.392	0.000	0.000	0.000	0.000	0.000	0.000	0.000	0.000	0.000	0.000	0.000	0.000	0.000	0.000	0.000
15	0.318	0.000	0.000	0.000	0.000	0.000	0.000	2.970	0.000	0.000	4.301	0.000	0.000	0.000	0.000	0.000	0.000	0.000	0.000	0.000	0.000	0.000	0.000	0.000	0.000	0.000
16	0.339	0.000	0.000	0.000	0.000	0.000	0.000	2.534	0.000	0.000	5.490	0.692	0.000	0.000	0.000	0.000	0.000	0.000	0.000	0.000	0.000	0.000	0.000	0.000	0.189	0.000
17	0.360	0.000	0.000	0.000	0.000	0.000	0.000	2.014	0.000	0.000	6.206	4.919	0.000	0.088	0.000	0.000	0.000	0.000	0.000	0.000	0.000	0.000	0.000	0.000	0.989	0.000
18	0.381	2.006	0.000	0.000	0.000	0.049	0.000	1.989	0.000	0.000	5.910	8.447	0.000	0.799	0.000	0.000	0.000	0.000	0.000	0.000	0.000	0.000	0.000	0.000	1.871	0.000
19	0.403	3.666	0.000	0.000	0.000	0.307	0.000	1.918	0.000	0.000	4.739	7.860	0.009	2.747	0.000	0.000	0.000	0.000	0.000	0.000	0.000	7.488E-4	0.000	0.000	2.981	0.000
20	0.424	4.827	0.000	0.000	0.000	0.433	0.000	1.574	0.000	0.004	3.538	6.759	0.064	5.310	0.000	0.000	0.000	0.000	0.000	0.786	0.008	0.013	0.000	0.000	3.681	0.000
21	0.445	6.045	0.000	0.000	0.000	0.496	0.135	0.882	0.000	0.035	2.675	5.794	0.324	6.619	0.000	0.661	0.000	0.000	0.000	3.087	0.048	0.030	0.000	0.000	4.512	0.000
22	0.466	9.470	1.076	0.000	0.000	0.641	1.064	0.511	2.020	0.101	2.184	5.142	0.442	6.258	0.000	8.075	0.000	0.000	0.000	3.321	0.121	0.045	0.000	0.000	5.326	1.652E-5
23	0.487	8.524	12.152	0.000	0.000	0.949	2.329	2.959	4.383	0.144	1.954	4.811	0.412	5.059	0.166	10.787	0.000	0.000	0.000	4.387	0.269	0.092	0.000	0.000	5.855	0.004
24	0.508	7.267	11.071	0.000	0.000	1.424	4.519	3.265	4.468	0.183	1.945	4.774	0.374	4.144	0.861	9.413	0.000	0.000	0.000	5.832	0.458	0.251	0.000	0.007	5.805	0.011
25	0.530	6.128	8.613	0.014	2.646	2.000	7.857	3.283	4.220	0.279	2.120	5.038	0.386	3.701	1.250	7.416	0.007	0.000	3.039E-4	6.381	0.766	0.707	3.109E-4	1.419	5.244	0.010
26	0.551	5.334	8.344	2.480	8.636	2.732	11.244	3.176	4.063	0.455	2.429	5.608	0.477	3.640	1.644	5.719	0.087	0.097	0.044	6.799	1.396	1.978	0.005	5.638	4.588	0.018
27	0.572	4.931	9.532	4.484	6.780	4.002	12.152	3.122	3.938	0.669	2.831	6.348	0.665	3.822	1.888	4.691	0.272	0.559	0.123	7.035	2.820	4.968	0.018	7.551	4.218	0.050
28	0.593	4.856	11.427	5.200	4.950	6.699	10.242	2.965	3.952	0.934	3.299	6.983	0.948	3.989	1.950	4.265	0.462	1.046	0.207	6.856	5.678	9.972	0.024	6.555	4.285	0.122
29	0.614	4.985	13.284	5.905	4.191	12.456	7.220	2.784	3.964	1.292	3.743	7.313	1.285	3.918	1.908	4.251	0.459	1.570	0.370	6.195	10.193	15.632	0.017	5.300	4.727	0.197
30	0.636	5.212	14.605	5.635	3.809	22.963	4.971	2.773	3.776	1.811	3.891	7.374	1.692	3.448	1.730	4.532	0.335	2.425	0.490	5.359	14.766	23.359	0.014	4.560	5.407	0.192
31	0.657	5.562	15.149	5.001	4.092	37.335	3.718	3.049	3.327	2.497	3.581	7.200	2.342	2.991	1.521	4.933	0.246	3.766	0.530	4.853	16.556	22.032	0.024	4.200	6.084	0.134
32	0.678	6.195	14.780	4.093	4.863	50.342	3.166	3.592	2.777	3.413	2.985	6.703	3.534	2.811	1.398	5.230	0.228	4.952	0.632	5.030	14.704	17.372	0.056	4.213	6.660	0.089
33	0.699	7.228	13.487	3.158	5.812	56.018	3.081	4.304	2.351	4.716	2.436	5.830	5.258	2.990	1.396	5.317	0.276	5.964	0.825	5.987	11.285	12.322	0.106	4.509	7.191	0.089
34	0.720	8.509	11.607	2.439	6.513	53.521	3.229	5.083	2.159	6.458	2.068	4.823	6.877	3.394	1.454	5.087	0.409	6.357	1.035	7.842	8.248	8.503	0.153	4.793	7.812	0.177
35	0.742	9.564	9.743	2.021	6.858	46.118	3.498	5.882	2.172	8.520	1.897	4.042	7.491	3.840	1.445	4.770	0.666	5.968	1.235	10.670	6.123	6.291	0.197	4.837	8.661	0.558
36	0.763	9.923	8.470	1.882	6.797	36.981	3.751	6.712	2.280	10.248	1.941	3.728	6.941	4.185	1.302	4.665	1.065	5.039	1.503	14.182	4.701	5.310	0.257	4.609	9.693	1.901
37	0.784	9.499	7.957	1.954	6.533	27.688	4.010	7.624	2.368	11.135	2.304	4.031	5.998	4.442	1.100	4.971	1.575	4.048	1.856	17.851	3.854	5.002	0.365	4.376	10.738	5.101
38	0.805	8.548	7.938	2.204	6.179	19.239	4.396	8.724	2.393	10.729	3.175	4.908	5.346	4.807	0.994	5.612	2.206	3.287	2.163	20.325	3.540	4.870	0.578	4.171	11.740	9.867
39	0.826	7.390	7.914	2.595	5.845	12.584	5.038	10.061	2.417	9.326	4.785	6.036	5.216	5.455	1.097	6.250	3.117	2.869	2.337	20.902	3.788	4.612	0.974	3.941	12.847	13.384
40	0.847	6.286	7.541	3.124	5.658	8.137	6.040	11.359	2.528	7.603	7.182	6.964	5.567	6.422	1.504	6.417	4.565	2.758	2.511	19.847	4.594	4.190	1.561	3.735	14.240	12.821
41	0.869	5.452	6.878	3.823	5.566	5.531	7.248	12.060	2.813	6.141	10.125	7.567	6.328	7.390	2.301	6.255	6.893	2.801	2.884	18.001	5.954	3.732	2.219	3.805	15.697	9.708
42	0.890	5.017	6.178	4.778	5.510	4.148	8.219	11.821	3.346	5.237	12.775	8.040	7.600	7.989	3.483	6.162	10.571	2.824	3.628	16.108	7.628	3.422	2.784	4.563	16.492	6.803
43	0.911	4.926	5.538	5.977	5.472	3.457	8.747	11.039	4.083	4.993	14.511	8.413	9.706	7.997	4.834	6.434	15.968	2.826	4.650	14.379	9.166	3.413	3.204	6.414	16.009	5.145
44	0.932	4.939	4.912	7.228	5.491	3.143	8.843	10.260	4.958	5.214	14.889	8.363	12.858	7.705	5.975	7.292	23.002	2.927	5.514	12.853	9.963	3.744	3.584	9.701	14.345	4.601
45	0.953	4.778	4.325	8.397	5.588	3.062	8.908	9.804	5.883	5.595	14.172	7.723	16.413	7.484	6.652	8.512	30.735	3.343	5.634	11.597	9.768	4.280	4.143	13.860	12.603	4.734
46	0.975	4.357	3.944	9.447	5.564	3.099	8.918	9.695	6.902	5.782	12.793	6.816	18.695	7.605	6.918	9.813	37.572	4.115	5.115	11.008	8.991	4.771	5.128	16.619	11.678	5.102
47	0.996	3.871	3.868	10.791	5.278	3.129	8.870	9.739	8.249	5.586	11.146	6.073	18.219	7.849	7.017	10.896	42.405	5.102	4.431	11.372	8.029	5.113	6.702	16.159	11.936	5.386
48	1.017	3.598	4.000	13.249	4.713	3.085	8.618	9.748	10.145	5.266	9.572	5.627	15.544	7.895	7.199	11.729	44.942	5.907	3.958	12.623	7.017	5.513	8.707	13.250	13.097	5.463
49	1.038	3.708	4.115	17.880	4.243	2.966	8.397	9.885	12.718	5.083	8.156	5.307	12.377	7.455	7.818	12.605	45.284	6.327	3.858	14.396	6.167	6.126	10.371	10.348	14.281	5.352
50	1.059	4.229	4.092	25.084	4.213	2.830	8.282	10.432	15.951	5.161	7.094	4.904	9.847	6.595	9.722	14.202	43.747	6.615	4.202	16.233	5.587	6.673	10.602	8.758	14.479	5.154
51	1.081	5.042	4.008	32.682	4.809	2.812	8.401	11.685	19.667	5.367	6.382	4.413	8.059	5.730	14.750	17.025	40.559	7.297	4.993	17.267	5.378	6.777	9.144	8.396	13.108	4.807
52	1.102	5.844	4.021	35.526	5.924	3.050	8.564	13.645	23.388	5.585	6.083	4.014	6.591	5.029	25.049	20.879	36.514	8.977	6.130	17.228	5.358	6.478	7.047	8.674	10.713	4.252
53	1.123	6.307	4.235	29.848	7.088	3.642	8.634	15.980	25.986	5.704	6.128	3.941	5.133	4.631	39.444	23.605	32.525	12.063	7.267	16.242	5.264	6.064	5.512	9.054	8.315	3.615
54	1.144	6.381	4.576	19.128	7.892	4.561	8.519	18.159	26.099	5.592	6.641	4.318	3.687	4.444	49.695	22.050	29.200	16.056	7.982	14.831	4.950	5.699	4.995	9.042	6.508	3.015
55	1.165	6.232	4.733	9.904	8.353	5.650	8.227	19.691	23.631	5.192	7.749	5.158	2.464	4.241	46.127	15.803	26.599	19.651	7.990	13.961	4.542	5.402	5.331	8.629	5.394	2.602
56	1.186	6.046	4.497	4.788	8.589	6.671	7.857	20.380	19.336	4.731	9.976	6.302	1.577	3.898	31.377	8.725	24.367	20.576	7.385	14.048	4.367	5.232	5.906	7.948	4.760	2.532
57	1.208	6.048	4.044	2.565	9.042	7.350	7.533	20.606	14.477	4.421	13.279	7.317	0.957	3.447	16.444	3.983	22.161	17.949	6.469	15.083	4.515	5.362	5.997	7.338	4.445	2.874
58	1.229	6.479	3.702	1.679	9.990	7.521	7.384	20.702	10.340	4.502	18.004	7.471	0.527	3.030	7.531	1.716	19.903	12.777	5.560	16.882	4.828	6.011	5.452	7.233	4.279	3.648
59	1.250	7.475	3.662	1.222	11.943	7.340	7.617	20.612	7.538	4.969	22.576	6.473	0.264	2.749	3.581	0.817	17.850	7.564	4.914	19.294	5.066	7.414	4.677	8.160	3.914	4.740
60	1.271	9.028	3.984	0.896	14.844	7.052	8.386	19.899	6.096	5.808	25.825	4.888	0.145	2.604	1.990	0.488	16.398	3.857	4.695	22.111	5.094	9.718	4.013	10.409	3.106	5.810
61	1.292	11.047	4.711	0.635	17.622	6.810	10.082	18.192	5.677	6.361	25.411	3.590	0.129	2.655	1.277	0.362	15.812	1.832	4.971	25.070	5.011	12.590	3.550	13.993	1.990	6.370
62	1.314	13.398	5.964	0.454	18.053	6.689	13.350	15.533	5.825	6.232	21.847	2.975	0.192	2.983	0.849	0.277	16.169	0.927	5.788	27.543	5.060	14.925	3.289	17.164	1.046	6.141
63	1.335	15.821	7.990	0.340	14.775	6.648	19.512	12.609	5.935	5.422	16.847	3.006	0.293	3.640	0.540	0.181	17.358	0.555	7.184	29.127	5.534	15.107	3.239	17.469	0.534	5.233
64	1.356	17.924	10.988	0.253	9.390	6.616	30.507	9.944	5.466	4.483	12.485	3.524	0.357	4.358	0.328	0.089	19.059	0.392	8.988	28.947	6.736	12.444	3.323	13.852	0.329	4.073
65	1.377	19.512	14.516	0.174	4.929	6.509	47.955	7.895	4.357	3.981	9.530	4.269	0.347	4.749	0.189	0.037	20.734	0.280	10.524	26.997	8.765	8.184	3.281	8.399	0.246	3.077
66	1.398	20.934	17.051	0.104	2.385	6.424	70.442	6.455	2.962	4.034	7.876	4.814	0.296	4.618	0.100	0.021	21.891	0.194	10.937	24.120	11.041	3.135	2.967	4.057	0.175	2.354
67	1.420	22.978	17.031	0.056	1.256	6.598	91.768	5.020	1.746	4.660	7.020	4.791	0.274	4.164	0.046	0.024	22.387	0.126	9.951	21.200	12.289	0.141	2.578	1.633	0.100	1.943
68	1.441	26.360	14.503	0.037	0.775	7.291	103.003	2.974	0.930	5.805	6.408	4.286	0.274	3.932	0.013	0.036	20.716	0.081	7.354	17.397	11.419	0.000	2.360	0.483	0.041	1.858
69	1.462	31.004	11.051	0.039	0.512	8.763	98.132	1.297	0.503	7.551	5.609	3.660	0.256	4.355	0.002	0.034	16.994	0.053	5.117	13.635	8.514	0.000	2.390	0.140	0.010	2.126
70	1.483	35.203	8.071	0.033	0.350	11.171	78.592	0.768	0.317	10.136	4.373	3.187	0.224	5.677	0.002	0.010	12.447	0.039	3.706	10.412	4.983	0.000	0.085	0.048	0.002	2.739
71	1.504	35.758	2.891	0.002	0.225	14.263	53.338	0.021	0.228	14.046	2.974	2.992	0.193	7.562	3.970E-4	0.000	6.003	0.032	2.475	7.733	2.269	0.000	0.000	0.013	2.596E-4	3.492
72	1.525	30.620	0.000	0.000	0.075	16.814	31.710	0.000	0.198	19.307	1.653	3.100	0.157	9.026	0.000	0.000	0.282	0.012	0.417	5.628	0.849	0.000	0.000	0.001	4.684E-4	3.926
73	1.547	21.665	0.000	0.000	2.990E-4	17.033	17.332	0.000	0.179	24.497	0.736	3.427	0.106	8.749	0.000	0.000	0.000	4.746E-5	0.000	4.143	0.280	0.000	0.000	0.000	0.005	3.692
74	1.568	12.978	0.000	0.000	0.000	14.301	5.585	0.000	0.132	26.946	0.251	3.821	0.028	6.220	0.000	0.000	0.000	0.000	0.000	3.046	0.075	0.000	0.000	0.000	0.028	1.806
75	1.589	6.974	0.000	0.000	0.000	9.149	0.323	0.000	0.001	25.617	0.076	4.153	0.002	2.995	0.000	0.000	0.000	0.000	0.000	2.143	0.000	0.000	0.000	0.000	0.091	0.100
76	1.610	0.000	0.000	0.000	0.000	4.214	0.000	0.000	0.000	22.492	0.028	4.307	0.000	0.928	0.000	0.000	0.000	0.000	0.000	1.383	0.000	0.000	0.000	0.000	0.126	0.000
77	1.631	0.000	0.000	0.000	0.000	1.644	0.000	0.000	0.000	20.072	0.018	2.592	0.000	0.120	0.000	0.000	0.000	0.000	0.000	0.606	0.000	0.000	0.000	0.000	0.076	0.000
78	1.653	0.000	0.000	0.000	0.000	0.227	0.000	0.000	0.000	19.588	0.021	1.081	0.000	0.000	0.000	0.000	0.000	0.000	0.000	0.270	0.000	0.000	0.000	0.000	0.028	0.000
79	1.674	0.000	0.000	0.000	0.000	0.000	0.000	0.000	0.000	21.105	0.022	0.201	0.000	0.000	0.000	0.000	0.000	0.000	0.000	0.094	0.000	0.000	0.000	0.000	0.017	0.000
80	1.695	0.000	0.000	0.000	0.000	0.000	0.000	0.000	0.000	23.589	0.011	0.000	0.000	0.000	0.000	0.000	0.000	0.000	0.000	0.000	0.000	0.000	0.000	0.000	0.004	0.000
81	1.716	0.000	0.000	0.000	0.000	0.000	0.000	0.000	0.000	25.527	0.002	0.000	0.000	0.000	0.000	0.000	0.000	0.000	0.417	0.000	0.000	0.000	0.000	0.000	1.171E-5	0.000
82	1.737	0.000	0.000	0.000	0.000	0.000	0.000	0.000	0.000	24.625	0.000	0.000	0.000	0.000	0.000	0.000	0.000	0.000	0.964	0.000	0.000	0.000	0.000	0.000	0.000	0.000
83	1.759	0.000	0.000	0.000	0.000	0.000	0.000	0.000	0.000	20.612	0.000	0.000	0.000	0.000	0.000	0.000	0.000	0.000	1.337	0.000	0.000	0.000	0.000	0.000	0.000	0.000
84	1.780	0.000	0.000	0.000	0.000	0.000	0.000	0.000	0.000	14.803	0.000	0.000	0.000	0.000	0.000	0.000	0.000	0.000	1.438	0.000	0.000	0.000	0.000	0.000	0.000	0.000
85	1.801	0.000	0.000	0.000	0.000	0.000	0.000	0.000	0.000	9.668	0.000	0.000	0.000	0.000	0.000	0.000	0.000	0.000	1.412	0.000	0.000	0.000	0.000	0.000	0.000	0.000
86	1.822	0.000	0.000	0.000	0.000	0.000	0.000	0.000	0.000	6.288	0.000	0.000	0.000	0.000	0.000	0.000	0.000	0.000	1.406	0.000	0.000	0.000	0.000	0.000	0.000	0.000
87	1.843	0.000	0.000	0.000	0.000	0.000	0.000	0.000	0.000	4.445	0.000	0.000	0.000	0.000	0.000	0.000	0.000	0.000	1.479	0.000	0.000	0.000	0.000	0.000	0.000	0.000
88	1.864	0.000	0.000	0.000	0.000	0.000	0.000	0.000	0.000	3.611	0.000	0.000	0.000	0.000	0.000	0.000	0.000	0.000	1.664	0.000	0.000	0.000	0.000	0.000	0.000	0.000
89	1.886	0.000	0.000	0.000	0.000	0.000	0.000	0.000	0.000	3.286	0.000	0.000	0.000	0.000	0.000	0.000	0.000	0.000	1.935	0.000	0.000	0.000	0.000	0.000	0.000	0.000
90	1.907	0.000	0.000	0.000	0.000	0.000	0.000	0.000	0.000	3.185	0.000	0.000	0.000	0.000	0.000	0.000	0.000	0.000	2.368	0.000	0.000	0.000	0.000	0.000	0.000	0.000
91	1.928	0.000	0.000	0.000	0.000	0.000	0.000	0.000	0.000	3.059	0.000	0.000	0.000	0.000	0.000	0.000	0.000	0.000	2.975	0.000	0.000	0.000	0.000	0.000	0.000	0.000
92	1.949	0.000	0.000	0.000	0.000	0.000	0.000	0.000	0.000	2.770	0.000	0.000	0.000	0.000	0.000	0.000	0.000	0.000	3.671	0.000	0.000	0.000	0.000	0.000	0.000	0.000
93	1.970	0.000	0.000	0.000	0.000	0.000	0.000	0.000	0.000	2.277	0.000	0.000	0.000	0.000	0.000	0.000	0.000	0.000	4.137	0.000	0.000	0.000	0.000	0.000	0.000	0.000
94	1.992	0.000	0.000	0.000	0.000	0.000	0.000	0.000	0.000	1.593	0.000	0.000	0.000	0.000	0.000	0.000	0.000	0.000	4.068	0.000	0.000	0.000	0.000	0.000	0.000	0.000
95	2.013	0.000	0.000	0.000	0.000	0.000	0.000	0.000	0.000	0.946	0.000	0.000	0.000	0.000	0.000	0.000	0.000	0.000	3.856	0.000	0.000	0.000	0.000	0.000	0.000	0.000
96	2.034	0.000	0.000	0.000	0.000	0.000	0.000	0.000	0.000	0.000	0.000	0.000	0.000	0.000	0.000	0.000	0.000	0.000	3.563	0.000	0.000	0.000	0.000	0.000	0.000	0.000
