 	x	1	2	3	4	5	6	7	8	9	10	11	12	13	14	15
1	0.030	0.000	0.000	2.291	0.000	3.934E-4	1.902E-4	2.606	1.117E-4	0.000	0.000	0.000	0.007	0.000	0.000	0.000
2	0.060	0.000	0.000	1.942	0.000	0.000	0.003	2.880	2.166E-4	0.000	0.000	0.000	0.014	0.000	0.000	0.000
3	0.089	0.000	0.000	1.237	0.000	0.000	0.022	3.457	1.760E-4	0.000	0.004	0.000	0.018	0.000	0.000	0.000
4	0.119	0.000	0.000	0.580	0.000	0.000	0.078	4.179	1.041E-4	0.000	0.046	0.000	0.022	0.000	0.000	0.000
5	0.149	0.000	1.247E-6	0.229	0.000	0.000	0.217	4.837	6.013E-5	0.000	0.027	0.000	0.029	0.000	0.000	0.000
6	0.179	0.000	5.737E-4	0.094	0.000	0.000	0.519	5.098	5.380E-4	0.000	0.003	1.220E-4	0.086	0.000	0.021	0.000
7	0.209	0.000	0.009	0.060	0.000	0.000	1.030	4.825	0.006	0.119	3.471E-4	0.002	0.250	0.000	0.213	0.000
8	0.239	0.000	0.023	0.068	0.000	0.026	1.565	4.787	0.008	0.688	3.808E-4	0.003	0.538	0.000	0.246	0.000
9	0.268	0.000	0.012	0.137	0.000	0.183	1.694	5.077	0.004	0.850	3.626E-6	0.007	0.980	0.000	0.218	0.000
10	0.298	0.000	0.001	0.351	0.000	0.492	1.599	5.246	0.015	0.759	0.000	0.055	1.259	0.000	0.197	0.000
11	0.328	0.000	1.461E-4	0.509	0.000	0.936	1.574	4.870	0.043	0.666	0.000	0.269	1.383	6.995E-5	0.245	0.000
12	0.358	7.715E-6	0.008	0.591	0.000	1.362	1.647	4.434	0.034	0.681	3.391E-8	0.666	1.501	0.004	0.482	0.000
13	0.388	0.001	0.044	0.762	0.000	1.322	1.762	4.273	0.050	0.679	1.876E-5	0.930	1.671	0.017	0.785	0.000
14	0.417	0.015	0.053	1.278	1.932E-7	1.154	2.021	4.516	0.107	0.587	8.183E-4	1.120	1.826	0.016	1.021	0.000
15	0.447	0.041	0.027	2.311	8.252E-5	1.071	2.675	4.883	0.233	0.544	0.011	1.516	1.960	0.007	1.213	0.000
16	0.477	0.021	0.018	3.939	0.002	1.173	3.167	4.771	0.426	0.628	0.025	1.739	2.120	0.003	1.378	0.077
17	0.507	0.008	0.080	6.239	0.012	1.400	3.030	3.936	0.718	0.747	0.024	1.448	2.109	0.005	1.414	1.592
18	0.537	0.023	0.254	8.696	0.012	1.633	2.532	2.938	1.154	0.851	0.026	1.032	1.960	0.011	1.523	2.499
19	0.567	0.086	0.657	10.711	0.008	1.787	2.379	2.319	1.716	0.940	0.030	0.792	1.741	0.016	1.942	3.227
20	0.596	0.218	1.573	11.800	0.022	1.808	2.575	2.017	2.284	1.117	0.032	0.686	1.555	0.020	2.538	3.410
21	0.626	0.421	2.713	12.072	0.038	1.702	2.829	1.854	2.759	1.322	0.045	0.700	1.467	0.045	2.864	3.267
22	0.656	0.879	3.017	11.757	0.049	1.600	3.124	1.786	3.125	1.377	0.108	0.898	1.505	0.101	2.815	3.080
23	0.686	1.788	2.475	10.642	0.096	1.627	3.639	1.899	3.551	1.586	0.303	1.290	1.681	0.086	2.700	2.616
24	0.716	2.776	1.949	8.059	0.284	1.788	4.049	2.009	3.872	1.993	0.784	1.678	1.938	0.122	2.759	1.979
25	0.745	3.249	1.783	4.763	0.772	2.055	4.011	1.976	3.683	2.542	1.679	1.852	2.215	0.268	2.901	1.559
26	0.775	3.250	1.849	2.333	1.563	2.401	3.573	1.931	3.313	3.087	2.804	1.893	2.495	0.467	3.131	1.439
27	0.805	3.116	2.124	1.108	2.322	2.738	3.204	2.070	3.430	3.541	3.577	2.055	2.721	0.867	3.452	1.483
28	0.835	3.076	2.801	0.539	2.742	2.926	2.816	2.419	3.840	3.567	3.725	2.444	2.912	1.530	3.578	1.693
29	0.865	3.208	3.445	0.232	2.712	3.016	2.410	2.831	3.913	3.158	3.608	2.843	3.055	2.381	3.281	2.107
30	0.895	3.544	3.510	0.082	2.433	3.149	2.323	3.129	3.612	2.657	3.593	3.010	3.127	3.311	2.971	2.605
31	0.924	3.851	3.409	0.049	2.268	3.341	2.519	3.264	3.234	2.394	3.618	2.993	3.145	3.979	2.936	2.883
32	0.954	3.842	3.866	0.087	2.280	3.474	2.645	3.190	2.912	2.335	3.726	3.020	3.158	4.019	3.204	3.021
33	0.984	3.639	4.868	0.165	2.359	3.452	2.761	3.129	2.658	2.292	3.876	2.941	3.202	3.613	3.487	3.530
34	1.014	3.403	5.369	0.149	2.483	3.385	2.773	3.157	2.650	2.104	4.078	2.558	3.323	3.103	3.523	4.271
35	1.044	3.053	4.821	0.093	2.598	3.412	2.572	3.056	2.732	1.770	4.269	2.112	3.507	2.581	3.335	3.539
36	1.073	2.852	4.019	0.070	2.659	3.426	2.496	2.651	2.339	1.332	4.315	1.810	3.624	2.140	3.126	1.440
37	1.103	2.968	3.692	0.034	2.559	3.258	2.527	2.132	1.350	0.875	3.831	1.499	3.460	1.946	2.860	0.861
38	1.133	3.322	3.737	0.023	2.253	2.888	2.569	1.859	0.461	0.519	3.271	1.199	3.077	2.104	2.452	0.000
39	1.163	3.764	3.754	0.072	1.865	2.442	2.619	2.106	0.127	0.347	2.926	1.169	2.746	2.548	2.046	0.000
40	1.193	4.048	3.573	0.118	1.639	2.181	2.671	2.701	0.086	0.337	2.812	1.525	2.497	3.007	1.930	0.000
41	1.223	3.872	2.933	0.101	1.540	2.088	2.707	3.129	0.084	0.337	2.710	1.713	2.207	3.297	2.024	0.000
42	1.252	3.364	1.836	0.091	1.454	1.906	2.729	3.132	0.051	0.258	2.585	1.060	1.845	3.443	2.060	0.000
43	1.282	3.020	0.819	0.088	1.400	1.693	2.886	2.525	0.023	0.135	2.496	0.346	1.492	3.481	1.825	0.000
44	1.312	2.960	0.273	0.067	1.374	1.691	2.960	1.544	0.023	0.075	2.508	0.239	1.237	3.484	1.293	0.000
45	1.342	2.957	0.077	0.036	1.312	1.848	2.467	0.726	0.027	0.059	2.551	0.216	1.046	3.524	0.678	0.000
46	1.372	2.918	0.033	0.017	1.308	1.917	1.569	0.295	0.008	0.083	2.435	0.073	0.861	3.630	0.245	0.000
47	1.401	3.019	0.038	0.037	1.485	1.862	0.762	0.077	4.749E-4	0.131	2.245	0.008	0.692	3.829	0.071	0.000
48	1.431	3.157	0.036	0.061	1.777	1.898	0.290	0.012	2.137E-4	0.091	2.210	4.630E-4	0.556	4.035	0.042	0.000
49	1.461	3.359	0.030	0.037	2.002	2.126	0.107	0.001	0.004	0.019	2.032	1.096E-5	0.433	4.129	0.094	0.000
50	1.491	3.994	0.025	0.007	1.862	2.449	0.051	3.101E-5	0.015	7.745E-4	1.466	2.673E-9	0.311	4.194	0.205	0.000
51	1.521	4.677	0.009	8.709E-4	1.437	2.717	0.071	8.008E-7	0.011	1.383E-5	0.845	0.000	0.209	4.317	0.222	0.000
52	1.551	4.810	7.046E-4	0.002	1.184	2.821	0.117	0.000	0.001	9.764E-5	0.382	0.000	0.152	4.458	0.107	0.000
53	1.580	4.858	3.876E-6	0.013	1.305	2.835	0.116	0.000	1.395E-5	0.002	0.134	0.000	0.131	4.391	0.029	0.000
54	1.610	5.120	5.001E-8	0.065	1.710	2.848	0.065	0.000	4.840E-8	0.021	0.053	0.000	0.147	3.784	0.011	0.000
55	1.640	5.061	0.000	0.168	2.143	2.938	0.016	0.000	0.000	0.061	0.032	0.000	0.205	2.644	0.008	0.000
56	1.670	4.383	0.000	0.066	2.303	3.078	3.751E-4	0.000	0.000	0.110	0.017	0.000	0.275	1.498	0.015	0.000
57	1.700	3.096	0.000	2.675E-4	2.242	3.062	4.680E-8	0.000	0.000	0.078	0.004	0.000	0.160	0.752	0.014	0.000
58	1.729	1.605	0.000	0.000	2.064	2.829	0.000	0.000	0.000	0.024	3.343E-4	0.000	0.022	0.359	0.003	0.000
59	1.759	0.670	0.000	0.000	1.824	2.641	0.000	0.000	0.000	0.024	5.935E-6	0.000	6.525E-4	0.169	9.052E-5	0.000
60	1.789	0.309	0.000	0.000	1.492	2.534	0.000	0.000	0.000	0.036	0.000	0.000	5.754E-4	0.074	0.000	0.000
61	1.819	0.125	0.000	0.000	0.576	2.212	0.000	0.000	0.000	0.012	0.000	0.000	6.480E-7	0.032	0.000	0.000
62	1.849	0.049	0.000	0.000	0.021	1.871	0.000	0.000	0.000	6.072E-4	0.000	0.000	0.000	0.013	0.000	0.000
63	1.879	0.030	0.000	0.000	0.000	1.708	0.000	0.000	0.000	0.000	0.000	0.000	0.000	0.006	0.000	0.000
64	1.908	0.037	0.000	0.000	0.000	1.546	0.000	0.000	0.000	0.000	0.000	0.000	0.000	0.006	0.000	0.000
65	1.938	0.053	0.000	0.000	0.000	1.220	0.000	0.000	0.000	0.000	0.000	0.000	0.000	0.002	0.000	0.000
66	1.968	0.028	0.000	0.000	0.000	0.855	0.000	0.000	0.000	0.000	0.000	0.000	0.000	3.920E-4	0.000	0.000
67	1.998	0.003	0.000	0.000	0.000	0.605	0.000	0.000	0.000	0.000	0.000	0.000	0.000	5.550E-4	0.000	0.000
68	2.028	7.430E-5	0.000	0.000	0.000	0.000	0.000	0.000	0.000	0.000	0.000	0.000	0.000	0.004	0.000	0.000
