 	x	1	2	3	4	5	6	7	8	9	10	11	12	13	14	15	16	17	18	19	20	21	22	23	24	25
1	0.021	0.000	0.000	0.000	0.000	0.000	0.000	2.647	0.000	0.000	7.326	0.000	0.000	0.000	0.000	0.000	0.000	0.000	0.000	0.000	0.000	0.000	0.000	0.000	0.000	0.000
2	0.042	0.000	0.000	0.000	0.000	0.000	0.000	2.825	0.000	0.000	6.927	0.000	0.000	0.000	0.000	0.000	0.000	0.000	0.000	0.000	0.000	0.000	0.000	0.000	0.000	0.000
3	0.064	0.000	0.000	0.000	0.000	0.000	0.000	3.005	0.000	0.000	6.189	0.000	0.000	0.000	0.000	0.000	0.000	0.000	0.000	0.000	0.000	0.000	0.000	0.000	0.000	0.000
4	0.085	0.000	0.000	0.000	0.000	0.000	0.000	2.981	0.000	0.000	5.369	0.000	0.000	0.000	0.000	0.000	0.000	0.000	0.000	0.000	0.000	0.000	0.000	0.000	0.000	0.000
5	0.106	0.000	0.000	0.000	0.000	0.000	0.000	2.657	0.000	0.000	4.559	0.000	0.000	0.000	0.000	0.000	0.000	0.000	0.000	0.000	0.000	0.000	0.000	0.000	0.000	0.000
6	0.127	0.000	0.000	0.000	0.000	0.000	0.000	2.246	0.000	0.000	3.915	0.000	0.000	0.000	0.000	0.000	0.000	0.000	0.000	0.000	0.000	0.000	0.000	0.000	0.000	0.000
7	0.148	0.000	0.000	0.000	0.000	0.000	0.000	2.008	0.000	0.000	3.473	0.000	0.000	0.000	0.000	0.000	0.000	0.000	0.000	0.000	0.000	0.000	0.000	0.000	0.000	0.000
8	0.169	0.000	0.000	0.000	0.000	0.000	0.000	2.011	0.000	0.000	3.301	0.000	0.000	0.000	0.000	0.000	0.000	0.000	0.000	0.000	0.000	0.000	0.000	0.000	0.000	0.000
9	0.191	0.000	0.000	0.000	0.000	0.000	0.000	2.170	0.000	0.000	3.310	0.000	0.000	0.000	0.000	0.000	0.000	0.000	0.000	0.000	0.000	0.000	0.000	0.000	0.000	0.000
10	0.212	0.000	0.000	0.000	0.000	0.000	0.000	2.412	0.000	0.000	3.345	0.000	0.000	0.000	0.000	0.000	0.000	0.000	0.000	0.000	0.000	0.000	0.000	0.000	0.000	0.000
11	0.233	0.000	0.000	0.000	0.000	0.000	0.000	2.704	0.000	0.000	3.340	0.000	0.000	0.000	0.000	0.000	0.000	0.000	0.000	0.000	0.000	0.000	0.000	0.000	0.000	0.000
12	0.254	0.000	0.000	0.000	0.000	0.000	0.000	2.986	0.000	0.000	3.347	0.000	0.000	0.000	0.000	0.000	0.000	0.000	0.000	0.000	0.000	0.000	0.000	0.000	0.000	0.000
13	0.275	0.000	0.000	0.000	0.000	0.000	0.000	3.118	0.000	0.000	3.518	0.000	0.000	0.000	0.000	0.000	0.000	0.000	0.000	0.000	0.000	0.000	0.000	0.000	0.009	0.000
14	0.297	0.000	0.000	0.000	0.000	0.000	0.000	2.996	0.000	0.000	3.935	0.000	0.000	0.000	0.000	0.000	0.000	0.000	0.000	0.000	0.000	0.000	0.000	0.000	0.243	0.000
15	0.318	0.000	0.000	0.000	0.000	0.000	0.000	2.702	0.000	0.000	4.803	0.000	0.000	0.000	0.000	0.000	0.000	0.000	0.000	0.000	0.000	0.000	0.000	0.000	0.975	0.000
16	0.339	0.000	0.000	0.000	0.000	0.000	0.000	2.292	0.000	0.000	7.016	0.237	0.000	0.000	0.000	0.000	0.000	0.000	0.000	0.000	0.000	0.000	0.000	0.000	2.045	0.000
17	0.360	0.000	0.000	0.000	0.000	0.000	0.000	1.871	0.000	0.000	7.692	1.817	0.000	0.052	0.000	0.000	0.000	0.000	0.000	0.000	0.000	0.000	0.000	0.000	3.139	0.000
18	0.381	1.296	0.000	0.000	0.000	0.034	0.000	1.817	0.000	1.469E-4	6.397	3.759	0.000	0.482	0.000	0.000	0.000	0.000	0.000	0.000	0.000	0.000	0.000	0.000	3.708	0.000
19	0.403	2.018	0.000	0.000	0.000	0.244	0.000	1.811	0.000	0.028	4.790	4.083	0.016	1.641	0.000	0.000	0.000	0.000	0.000	0.000	0.000	5.768E-4	0.000	0.000	4.128	4.804E-6
20	0.424	2.839	0.000	0.000	0.000	0.424	0.004	1.730	0.000	0.050	3.696	4.131	0.137	3.184	0.000	0.000	0.000	0.000	0.000	0.559	0.013	0.036	0.000	0.000	4.377	1.604E-4
21	0.445	3.821	0.158	0.000	0.000	0.612	0.127	1.493	0.001	0.054	3.232	4.261	0.288	4.068	0.000	0.197	0.000	0.000	0.000	2.767	0.049	0.059	0.000	0.000	4.379	0.002
22	0.466	7.636	4.938	0.000	0.000	0.815	1.080	1.086	1.833	0.082	3.168	4.476	0.481	4.034	0.000	2.747	0.000	0.000	0.000	3.179	0.110	0.080	0.000	0.000	4.252	0.007
23	0.487	7.674	9.168	0.000	0.000	1.081	2.891	2.551	4.072	0.111	3.421	4.611	0.523	3.738	0.277	5.006	0.000	0.000	0.000	3.764	0.242	0.141	0.000	0.000	4.123	0.016
24	0.508	8.033	11.832	0.000	0.000	1.408	4.621	2.709	4.230	0.147	3.699	4.714	0.519	3.667	1.435	4.937	0.000	0.000	0.000	5.280	0.458	0.334	0.000	0.000	4.198	0.028
25	0.530	7.330	9.837	0.012	2.395	1.827	6.449	2.799	4.002	0.219	3.848	4.912	0.466	3.830	1.813	4.451	0.011	0.000	6.211E-5	6.899	0.918	0.882	3.293E-4	1.495	4.406	0.036
26	0.551	6.781	8.631	2.137	8.770	2.475	7.941	2.799	3.935	0.332	3.690	5.269	0.460	3.918	1.935	4.303	0.145	0.000	0.036	7.031	1.917	2.322	0.007	5.911	4.557	0.037
27	0.572	6.486	8.721	4.230	6.699	3.767	8.335	2.672	3.970	0.489	3.440	5.706	0.542	4.036	2.131	4.588	0.369	0.333	0.102	6.556	3.880	5.452	0.017	8.101	4.588	0.047
28	0.593	6.467	9.681	4.832	4.769	6.631	7.440	2.537	4.052	0.720	3.263	6.097	0.757	4.103	2.243	5.110	0.510	1.033	0.225	6.098	7.002	10.166	0.021	6.859	4.655	0.083
29	0.614	6.698	11.126	5.622	4.029	12.671	6.161	2.346	4.104	1.125	3.271	6.381	1.189	3.861	2.146	5.525	0.490	1.729	0.434	5.521	10.832	15.850	0.015	5.611	4.894	0.123
30	0.636	7.131	12.651	5.755	3.813	23.462	5.175	2.404	3.947	1.793	3.397	6.547	2.016	3.384	1.873	5.503	0.355	2.815	0.491	4.957	14.190	21.757	0.011	4.699	5.294	0.151
31	0.657	7.714	13.905	5.070	3.983	38.001	4.608	2.672	3.518	2.765	3.610	6.495	3.496	2.911	1.585	5.014	0.237	3.941	0.462	4.724	15.483	19.863	0.017	4.243	5.740	0.167
32	0.678	8.439	14.694	4.123	4.659	50.999	4.397	3.135	2.951	4.033	3.931	6.111	5.732	2.727	1.427	4.276	0.191	5.192	0.518	5.106	14.182	15.406	0.040	4.161	6.275	0.202
33	0.699	9.401	14.896	3.194	5.561	56.798	4.445	3.804	2.485	5.667	4.509	5.463	8.363	2.922	1.413	3.603	0.216	6.376	0.651	6.281	11.593	10.919	0.082	4.369	6.970	0.315
34	0.720	10.738	14.429	2.495	6.297	54.402	4.714	4.568	2.246	7.604	5.499	4.814	10.591	3.320	1.457	3.151	0.331	6.877	0.812	8.297	8.871	7.702	0.134	4.623	7.815	0.586
35	0.742	12.367	13.388	2.095	6.701	46.985	5.090	5.276	2.237	9.710	6.942	4.399	11.706	3.671	1.433	2.989	0.584	6.411	1.011	11.218	6.649	5.979	0.202	4.634	8.793	1.196
36	0.763	13.791	12.065	1.968	6.684	37.580	5.448	5.838	2.341	11.492	8.512	4.266	11.576	3.778	1.288	3.197	1.019	5.377	1.294	14.957	4.991	5.351	0.313	4.479	9.719	2.517
37	0.784	14.352	10.785	2.051	6.425	27.897	5.704	6.321	2.436	12.577	9.775	4.359	10.710	3.732	1.094	3.773	1.600	4.260	1.627	18.591	3.985	5.255	0.493	4.283	10.452	4.955
38	0.805	13.766	9.740	2.316	6.068	19.174	6.004	6.896	2.482	12.822	10.547	4.624	9.759	3.783	0.987	4.551	2.298	3.397	1.885	21.067	3.574	5.182	0.776	4.134	10.891	8.136
39	0.826	12.361	8.939	2.741	5.790	12.481	6.368	7.678	2.525	12.169	11.189	4.997	9.144	4.190	1.059	5.215	3.241	2.901	2.010	21.694	3.764	4.875	1.210	3.939	10.976	10.582
40	0.847	10.734	8.328	3.320	5.704	8.133	6.837	8.536	2.656	10.676	11.927	5.333	8.975	4.998	1.388	5.449	4.728	2.728	2.121	20.794	4.546	4.395	1.800	3.765	10.840	11.239
41	0.869	9.281	7.892	4.117	5.765	5.678	7.191	9.148	2.956	8.791	12.922	5.516	9.272	6.058	2.065	5.322	7.153	2.698	2.409	19.320	5.940	3.937	2.433	3.892	10.519	10.478
42	0.890	8.106	7.582	5.153	5.837	4.441	7.424	9.368	3.472	7.162	13.882	5.529	10.188	6.955	3.140	5.212	11.058	2.677	3.047	17.944	7.815	3.684	2.950	4.659	10.008	9.450
43	0.911	7.209	7.226	6.365	5.817	3.950	7.471	9.552	4.215	6.202	14.551	5.413	12.070	7.319	4.451	5.431	16.934	2.654	3.939	16.706	9.706	3.732	3.294	6.556	9.378	8.828
44	0.932	6.571	6.660	7.516	5.715	3.979	7.514	10.111	5.117	5.943	14.460	5.188	15.180	7.127	5.628	6.056	24.621	2.818	4.740	15.118	10.740	4.085	3.570	9.911	8.774	8.539
45	0.953	6.137	5.926	8.528	5.630	4.343	7.609	11.175	6.076	6.090	13.568	4.897	19.120	6.765	6.316	6.981	32.871	3.318	4.978	13.275	10.557	4.613	3.984	14.048	8.362	8.288
46	0.975	5.841	5.268	9.410	5.449	4.712	7.759	12.399	7.093	6.301	11.856	4.653	22.358	6.479	6.507	8.170	39.873	4.222	4.655	11.871	9.448	5.064	4.725	16.865	8.221	7.960
47	0.996	5.618	4.908	10.585	5.096	4.720	7.871	13.152	8.396	6.343	9.788	4.559	22.825	6.360	6.470	9.746	44.370	5.207	4.112	11.491	8.066	5.300	5.872	16.296	8.368	7.603
48	1.017	5.426	4.839	12.853	4.568	4.292	7.945	13.028	10.233	6.282	7.826	4.598	19.942	6.207	6.531	12.003	46.346	5.851	3.696	12.221	6.771	5.499	7.289	13.289	8.771	7.218
49	1.038	5.313	4.845	17.218	4.182	3.668	8.045	12.263	12.725	6.345	6.303	4.678	15.386	5.909	7.092	15.096	46.205	6.005	3.637	13.710	5.830	5.865	8.460	10.313	9.345	6.755
50	1.059	5.403	4.766	24.138	4.274	3.073	8.076	11.469	15.860	6.721	5.184	4.739	11.171	5.505	9.031	18.946	44.323	6.126	4.059	15.387	5.302	6.224	8.661	8.686	10.016	6.274
51	1.081	5.730	4.600	31.422	4.991	2.672	7.961	11.224	19.487	7.260	4.391	4.780	8.145	5.062	14.027	23.284	41.140	6.964	4.993	16.418	5.222	6.272	7.698	8.305	10.661	5.802
52	1.102	6.129	4.376	34.136	6.187	2.592	7.639	11.636	23.071	7.649	3.897	4.831	6.059	4.737	24.002	27.126	37.290	9.213	6.341	16.113	5.354	6.009	6.263	8.654	11.245	5.344
53	1.123	6.340	4.115	28.717	7.362	2.894	7.321	12.487	25.491	7.522	3.686	4.970	4.476	4.506	38.333	27.906	33.310	13.127	7.661	14.568	5.341	5.641	5.215	9.038	11.729	4.901
54	1.144	6.270	3.865	18.431	8.115	3.584	7.061	13.441	25.570	6.920	3.749	5.288	3.162	4.296	48.625	23.525	29.676	18.096	8.465	12.718	4.999	5.298	4.947	9.097	11.749	4.521
55	1.165	6.006	3.638	9.593	8.479	4.637	6.904	14.214	23.042	6.027	4.078	5.798	2.119	3.999	45.985	15.684	26.523	21.861	8.473	11.248	4.445	5.034	5.341	8.670	10.774	4.282
56	1.186	5.638	3.447	4.699	8.641	5.980	6.740	14.713	18.706	5.104	4.786	6.389	1.388	3.607	31.621	8.431	23.760	22.018	7.773	10.698	4.129	4.941	5.846	7.998	8.823	4.280
57	1.208	5.298	3.397	2.582	9.045	7.425	6.622	15.163	13.935	4.394	5.813	6.872	0.912	3.191	16.824	3.883	21.196	17.744	6.732	11.089	4.195	5.176	5.839	7.408	6.573	4.497
58	1.229	5.221	3.624	1.726	9.984	8.590	6.571	15.827	9.877	4.117	7.179	6.988	0.609	2.893	7.701	1.677	18.849	11.626	5.693	12.190	4.481	5.910	5.271	7.354	4.610	4.798
59	1.250	5.602	4.194	1.288	11.921	9.075	6.738	16.741	7.192	4.320	8.339	6.613	0.418	2.769	3.607	0.756	16.859	6.232	4.925	13.749	4.739	7.327	4.578	8.279	3.093	5.144
60	1.271	6.508	5.107	0.975	14.850	8.804	7.262	17.644	5.822	4.895	8.861	5.961	0.302	2.839	1.965	0.388	15.489	2.878	4.630	15.643	4.833	9.541	4.091	10.701	1.951	5.588
61	1.292	7.906	6.338	0.714	17.777	8.145	8.528	18.173	5.441	5.419	8.269	5.420	0.230	3.143	1.217	0.239	14.855	1.270	4.832	17.832	4.854	12.226	3.855	14.259	1.144	6.130
62	1.314	9.708	7.841	0.524	18.307	7.671	11.232	17.923	5.618	5.557	6.953	5.171	0.192	3.673	0.786	0.173	14.917	0.631	5.536	20.000	5.042	14.303	3.790	17.587	0.649	6.482
63	1.335	11.789	9.576	0.395	15.016	7.705	16.503	17.011	5.747	5.308	5.524	5.168	0.183	4.277	0.488	0.139	15.637	0.382	6.743	21.545	5.662	14.290	3.819	17.830	0.385	6.224
64	1.356	13.985	11.533	0.297	9.578	8.078	25.517	15.620	5.327	4.914	4.454	5.297	0.193	4.688	0.282	0.119	16.812	0.274	8.290	22.185	6.928	11.599	3.844	13.997	0.250	5.421
65	1.377	16.177	13.608	0.206	4.973	8.233	38.646	14.096	4.272	4.640	3.807	5.385	0.209	4.682	0.146	0.112	18.262	0.216	9.605	22.506	8.709	7.363	3.673	8.460	0.181	4.491
66	1.398	18.467	15.345	0.122	2.377	7.752	53.850	12.625	2.957	4.546	3.466	5.301	0.218	4.376	0.064	0.109	19.693	0.158	10.015	22.994	10.389	2.390	3.242	4.034	0.143	3.789
67	1.420	21.280	16.034	0.058	1.211	7.063	66.094	10.931	1.815	4.740	3.111	5.027	0.215	4.151	0.023	0.100	20.804	0.107	9.359	23.259	11.074	0.188	2.776	1.600	0.112	3.411
68	1.441	25.187	15.259	0.041	0.693	6.817	69.549	8.658	1.045	5.378	2.626	4.694	0.181	4.375	0.007	0.083	21.436	0.064	8.204	23.261	10.187	0.000	2.490	0.451	0.091	3.279
69	1.462	30.266	13.164	0.042	0.453	7.450	62.290	6.607	0.638	6.770	1.950	4.467	0.130	5.318	0.002	0.064	21.575	0.035	6.545	22.403	7.795	0.000	2.345	0.121	0.082	3.310
70	1.483	35.071	8.819	0.034	0.317	8.977	47.523	5.431	0.442	9.333	1.293	4.452	0.109	6.851	0.003	0.034	18.868	0.020	4.667	20.467	4.990	0.000	0.101	0.031	0.072	3.423
71	1.504	35.624	4.465	0.002	0.211	11.183	31.303	3.892	0.337	13.426	0.771	4.703	0.110	8.349	6.617E-4	0.009	9.943	0.016	2.949	17.731	2.606	0.000	0.000	0.003	0.060	3.505
72	1.525	31.109	1.241	0.000	0.083	13.299	17.592	1.976	0.206	18.447	0.405	5.156	0.113	9.039	0.000	0.003	0.470	0.004	0.478	15.034	1.113	0.000	0.000	0.000	0.047	3.211
73	1.547	22.167	0.000	0.000	0.002	13.963	8.811	0.298	0.166	22.190	0.178	5.535	0.101	7.924	0.000	0.009	0.000	0.000	0.000	12.123	0.361	0.000	0.000	0.000	0.041	2.413
74	1.568	13.177	0.000	0.000	0.000	12.325	3.987	0.000	0.123	22.878	0.069	5.582	0.048	5.093	0.000	0.013	0.000	0.000	0.000	9.308	0.070	0.000	0.000	0.000	0.040	0.837
75	1.589	6.441	0.000	0.000	0.000	8.609	1.327	0.000	0.002	21.078	0.030	5.381	0.004	2.290	0.000	9.875E-4	0.000	0.000	0.000	6.970	0.000	0.000	0.000	0.000	0.039	0.024
76	1.610	0.000	0.000	0.000	0.000	4.041	0.276	0.000	0.000	19.045	0.015	5.139	0.000	0.652	0.000	0.000	0.000	0.000	0.000	4.924	0.000	0.000	0.000	0.000	0.035	0.000
77	1.631	0.000	0.000	0.000	0.000	1.295	0.162	0.000	0.000	18.192	0.008	4.614	0.000	0.072	0.000	0.000	0.000	0.000	0.000	3.149	0.000	0.000	0.000	0.000	0.024	0.000
78	1.653	0.000	0.000	0.000	0.000	0.179	0.122	0.000	0.000	18.735	0.006	3.692	0.000	0.000	0.000	0.000	0.000	0.000	0.000	1.944	0.000	0.000	0.000	0.000	0.015	0.000
79	1.674	0.000	0.000	0.000	0.000	0.000	0.088	0.000	0.000	19.965	0.007	1.199	0.000	0.000	0.000	0.000	0.000	0.000	0.000	1.190	0.000	0.000	0.000	0.000	0.010	0.000
80	1.695	0.000	0.000	0.000	0.000	0.000	0.060	0.000	0.000	20.595	0.007	0.019	0.000	0.000	0.000	0.000	0.000	0.000	0.000	0.629	0.000	0.000	0.000	0.000	0.003	0.000
81	1.716	0.000	0.000	0.000	0.000	0.000	0.040	0.000	0.000	19.835	0.001	0.000	0.000	0.000	0.000	0.000	0.000	0.000	0.000	0.333	0.000	0.000	0.000	0.000	0.001	0.000
82	1.737	0.000	0.000	0.000	0.000	0.000	0.030	0.000	0.000	17.220	1.609E-4	0.000	0.000	0.000	0.000	0.000	0.000	0.000	0.043	0.122	0.000	0.000	0.000	0.000	2.039E-4	0.000
83	1.759	0.000	0.000	0.000	0.000	0.000	0.028	0.000	0.000	13.371	2.983E-8	0.000	0.000	0.000	0.000	0.000	0.000	0.000	0.575	0.000	0.000	0.000	0.000	0.000	0.000	0.000
84	1.780	0.000	0.000	0.000	0.000	0.000	0.028	0.000	0.000	9.289	0.000	0.000	0.000	0.000	0.000	0.000	0.000	0.000	1.086	0.000	0.000	0.000	0.000	0.000	0.000	0.000
85	1.801	0.000	0.000	0.000	0.000	0.000	0.027	0.000	0.000	6.043	0.000	0.000	0.000	0.000	0.000	0.000	0.000	0.000	1.332	0.000	0.000	0.000	0.000	0.000	0.000	0.000
86	1.822	0.000	0.000	0.000	0.000	0.000	0.022	0.000	0.000	3.993	0.000	0.000	0.000	0.000	0.000	0.000	0.000	0.000	1.395	0.000	0.000	0.000	0.000	0.000	0.000	0.000
87	1.843	0.000	0.000	0.000	0.000	0.000	0.013	0.000	0.000	2.894	0.000	0.000	0.000	0.000	0.000	0.000	0.000	0.000	1.417	0.000	0.000	0.000	0.000	0.000	0.000	0.000
88	1.864	0.000	0.000	0.000	0.000	0.000	0.007	0.000	0.000	2.417	0.000	0.000	0.000	0.000	0.000	0.000	0.000	0.000	1.631	0.000	0.000	0.000	0.000	0.000	0.000	0.000
89	1.886	0.000	0.000	0.000	0.000	0.000	0.005	0.000	0.000	2.268	0.000	0.000	0.000	0.000	0.000	0.000	0.000	0.000	2.067	0.000	0.000	0.000	0.000	0.000	0.000	0.000
90	1.907	0.000	0.000	0.000	0.000	0.000	0.003	0.000	0.000	2.289	0.000	0.000	0.000	0.000	0.000	0.000	0.000	0.000	2.801	0.000	0.000	0.000	0.000	0.000	0.000	0.000
91	1.928	0.000	0.000	0.000	0.000	0.000	4.480E-4	0.000	0.000	2.340	0.000	0.000	0.000	0.000	0.000	0.000	0.000	0.000	3.546	0.000	0.000	0.000	0.000	0.000	0.000	0.000
92	1.949	0.000	0.000	0.000	0.000	0.000	0.000	0.000	0.000	2.342	0.000	0.000	0.000	0.000	0.000	0.000	0.000	0.000	3.686	0.000	0.000	0.000	0.000	0.000	0.000	0.000
93	1.970	0.000	0.000	0.000	0.000	0.000	0.000	0.000	0.000	2.256	0.000	0.000	0.000	0.000	0.000	0.000	0.000	0.000	3.732	0.000	0.000	0.000	0.000	0.000	0.000	0.000
94	1.992	0.000	0.000	0.000	0.000	0.000	0.000	0.000	0.000	1.977	0.000	0.000	0.000	0.000	0.000	0.000	0.000	0.000	3.759	0.000	0.000	0.000	0.000	0.000	0.000	0.000
95	2.013	0.000	0.000	0.000	0.000	0.000	0.000	0.000	0.000	1.561	0.000	0.000	0.000	0.000	0.000	0.000	0.000	0.000	3.607	0.000	0.000	0.000	0.000	0.000	0.000	0.000
96	2.034	0.000	0.000	0.000	0.000	0.000	0.000	0.000	0.000	0.000	0.000	0.000	0.000	0.000	0.000	0.000	0.000	0.000	3.322	0.000	0.000	0.000	0.000	0.000	0.000	0.000
