 	x	1	2	3	4	5	6	7	8	9	10	11	12	13	14	15
1	0.030	0.000	0.000	0.905	0.000	0.000	1.364E-4	3.393	0.006	0.000	0.000	0.000	0.007	0.000	0.000	0.000
2	0.060	0.000	0.000	0.875	0.000	0.000	0.003	3.162	0.026	0.000	0.021	0.000	0.013	0.000	0.000	0.000
3	0.089	0.000	0.000	0.592	0.000	0.000	0.014	3.202	0.058	0.000	0.159	0.000	0.019	0.000	0.000	0.000
4	0.119	0.000	0.000	0.241	0.000	0.000	0.047	3.563	0.053	0.000	0.285	0.000	0.024	0.000	0.000	0.000
5	0.149	0.000	0.000	0.063	0.000	0.000	0.158	4.129	0.039	0.000	0.377	0.000	0.028	0.000	0.000	0.000
6	0.179	0.000	2.912E-5	0.015	0.000	0.000	0.497	4.494	0.051	0.004	0.462	0.000	0.054	0.000	0.000	0.000
7	0.209	0.000	0.001	0.008	0.000	0.007	1.160	4.412	0.097	0.295	0.565	0.001	0.194	0.000	0.057	0.000
8	0.239	0.000	0.015	0.014	0.000	0.110	1.870	4.383	0.163	0.817	0.600	0.006	0.493	0.000	0.244	0.000
9	0.268	0.000	0.023	0.053	0.000	0.401	2.382	4.930	0.200	0.887	0.421	0.015	1.073	0.000	0.258	0.000
10	0.298	0.000	0.006	0.233	0.000	0.805	2.381	5.494	0.222	1.195	0.159	0.069	1.984	1.082E-4	0.282	0.000
11	0.328	1.104E-6	2.686E-4	0.336	0.000	1.241	1.974	5.431	0.305	1.375	0.063	0.355	2.363	4.229E-4	0.290	0.000
12	0.358	5.094E-4	4.743E-6	0.392	0.000	1.521	1.642	4.823	0.499	1.551	0.040	1.115	2.527	0.002	0.419	0.000
13	0.388	0.009	1.905E-4	0.555	0.000	1.404	1.683	4.299	0.857	1.596	0.025	1.833	2.615	0.011	0.719	0.000
14	0.417	0.036	0.003	1.036	5.205E-8	1.242	2.372	4.095	1.217	1.525	0.013	1.912	2.746	0.020	0.991	0.000
15	0.447	0.028	0.009	1.957	1.583E-5	1.246	3.291	4.252	1.433	1.476	0.012	1.814	2.919	0.015	1.164	0.000
16	0.477	0.008	0.015	3.443	9.634E-4	1.488	3.667	4.328	1.596	1.494	0.014	1.834	2.992	0.008	1.390	0.051
17	0.507	0.015	0.023	5.354	0.013	1.793	3.297	3.857	1.885	1.554	0.017	1.647	2.918	0.005	1.654	2.045
18	0.537	0.060	0.055	7.036	0.025	2.053	2.889	3.006	2.390	1.592	0.025	1.267	2.683	0.010	2.059	2.878
19	0.567	0.166	0.172	7.781	0.012	2.240	2.821	2.301	3.002	1.554	0.029	0.981	2.379	0.020	2.691	3.591
20	0.596	0.324	0.625	7.878	0.011	2.330	2.907	1.815	3.551	1.444	0.025	0.848	2.113	0.032	3.148	4.147
21	0.626	0.687	1.865	7.981	0.015	2.380	3.215	1.491	3.917	1.328	0.043	0.853	1.983	0.041	3.197	4.425
22	0.656	1.516	3.312	8.374	0.014	2.544	3.765	1.386	4.107	1.318	0.123	1.029	2.045	0.062	2.962	4.149
23	0.686	2.729	3.523	8.278	0.033	2.844	4.177	1.565	4.036	1.539	0.316	1.413	2.259	0.083	2.594	3.235
24	0.716	3.686	2.761	6.577	0.158	3.127	3.875	1.901	3.648	1.953	0.715	1.788	2.570	0.111	2.374	2.373
25	0.745	4.132	2.077	4.001	0.626	3.340	3.030	2.166	3.096	2.467	1.374	1.909	2.952	0.196	2.452	2.085
26	0.775	4.318	1.750	2.012	1.571	3.524	2.363	2.296	2.917	3.052	2.077	1.884	3.328	0.428	2.842	2.344
27	0.805	4.450	1.792	0.982	2.526	3.686	2.049	2.537	3.410	3.566	2.465	1.982	3.657	1.017	3.411	3.012
28	0.835	4.500	2.396	0.499	3.054	3.772	2.024	3.039	4.208	3.710	2.581	2.327	3.924	2.060	3.898	3.939
29	0.865	4.365	3.460	0.230	3.207	3.949	2.391	3.597	4.562	3.458	2.752	2.739	4.159	3.214	3.971	4.668
30	0.895	4.148	4.185	0.083	3.047	4.369	3.146	3.933	4.313	3.132	3.205	2.942	4.345	4.178	3.773	4.763
31	0.924	4.114	4.229	0.037	2.807	4.886	3.634	3.989	3.803	2.966	3.830	2.968	4.466	4.777	3.706	4.316
32	0.954	4.272	4.018	0.053	2.728	5.196	3.373	3.913	3.396	2.962	4.427	3.132	4.511	4.872	3.857	3.916
33	0.984	4.350	3.867	0.096	2.850	5.012	2.828	3.935	3.271	2.955	4.808	3.489	4.519	4.645	4.101	4.209
34	1.014	4.119	3.745	0.073	3.118	4.570	2.396	4.009	3.393	2.752	5.013	3.575	4.599	4.395	4.273	4.975
35	1.044	3.755	3.631	0.029	3.355	4.243	2.176	3.936	3.431	2.242	5.295	3.216	4.765	4.095	4.176	4.081
36	1.073	3.583	3.662	0.011	3.373	4.000	2.171	3.527	2.933	1.508	5.533	2.666	4.738	3.496	3.784	1.669
37	1.103	3.616	4.006	0.004	3.088	3.699	2.146	2.878	1.766	0.845	5.602	1.997	4.221	2.682	3.332	0.991
38	1.133	3.671	4.497	0.029	2.599	3.295	2.137	2.259	0.647	0.460	5.408	1.267	3.396	2.049	2.896	0.000
39	1.163	3.596	4.776	0.081	2.178	2.841	2.144	1.943	0.169	0.338	5.006	0.793	2.648	1.816	2.432	0.000
40	1.193	3.352	4.775	0.107	2.012	2.445	2.043	2.040	0.090	0.341	4.471	0.833	2.012	1.955	2.091	0.000
41	1.223	2.982	4.485	0.073	2.027	2.144	1.934	2.387	0.091	0.324	3.990	1.211	1.412	2.372	1.889	0.000
42	1.252	2.673	3.670	0.046	1.974	1.870	2.043	2.687	0.071	0.214	3.703	1.148	0.933	2.935	1.673	0.000
43	1.282	2.425	2.364	0.065	1.783	1.675	2.603	2.493	0.038	0.117	3.684	0.488	0.642	3.497	1.408	0.000
44	1.312	2.234	1.135	0.067	1.569	1.670	3.126	1.804	0.025	0.071	3.803	0.069	0.455	3.982	1.138	0.000
45	1.342	2.199	0.389	0.036	1.428	1.742	3.211	1.068	0.029	0.063	3.847	0.003	0.322	4.314	0.798	0.000
46	1.372	2.410	0.112	0.017	1.451	1.757	2.812	0.512	0.011	0.100	3.635	3.065E-5	0.235	4.510	0.415	0.000
47	1.401	2.628	0.049	0.034	1.675	1.788	2.034	0.155	9.388E-4	0.130	3.461	6.993E-8	0.175	4.690	0.149	0.000
48	1.431	2.569	0.041	0.060	1.989	1.981	1.113	0.035	9.646E-5	0.067	3.440	0.000	0.124	4.908	0.045	0.000
49	1.461	2.426	0.026	0.039	2.263	2.245	0.598	0.019	0.002	0.008	3.254	0.000	0.089	5.007	0.042	0.000
50	1.491	2.632	0.027	0.007	2.266	2.507	0.436	0.026	0.013	2.774E-4	2.914	0.000	0.082	4.916	0.106	0.000
51	1.521	3.357	0.037	9.230E-4	1.938	2.777	0.396	0.014	0.013	4.749E-6	2.647	0.000	0.081	4.755	0.216	0.000
52	1.551	4.294	0.016	0.002	1.632	3.057	0.358	0.002	0.002	2.102E-4	2.121	0.000	0.067	4.658	0.214	0.000
53	1.580	5.168	0.001	0.011	1.595	3.254	0.214	1.848E-5	4.985E-5	0.005	1.231	0.000	0.056	4.581	0.091	0.000
54	1.610	5.638	1.796E-5	0.061	1.873	3.282	0.047	7.484E-8	1.152E-7	0.029	0.501	0.000	0.074	4.228	0.025	0.000
55	1.640	5.073	1.765E-8	0.169	2.340	3.217	0.002	0.000	0.000	0.077	0.170	0.000	0.135	3.334	0.016	0.000
56	1.670	3.708	0.000	0.074	2.667	3.123	4.871E-6	0.000	0.000	0.104	0.066	0.000	0.210	2.069	0.017	0.000
57	1.700	2.002	0.000	0.001	2.798	2.941	0.000	0.000	0.000	0.065	0.021	0.000	0.183	0.988	0.017	0.000
58	1.729	0.833	0.000	3.235E-8	2.898	2.809	0.000	0.000	0.000	0.018	0.003	0.000	0.019	0.395	0.011	0.000
59	1.759	0.387	0.000	0.000	2.840	2.914	0.000	0.000	0.000	0.029	1.812E-4	0.000	0.007	0.169	0.001	0.000
60	1.789	0.163	0.000	0.000	2.383	3.078	0.000	0.000	0.000	0.033	1.628E-6	0.000	0.005	0.078	1.592E-5	0.000
61	1.819	0.062	0.000	0.000	0.920	2.979	0.000	0.000	0.000	0.007	2.507E-10	0.000	0.001	0.025	0.000	0.000
62	1.849	0.031	0.000	0.000	0.062	2.692	0.000	0.000	0.000	2.339E-4	0.000	0.000	3.922E-5	0.004	0.000	0.000
63	1.879	0.031	0.000	0.000	0.000	2.490	0.000	0.000	0.000	0.000	0.000	0.000	1.411E-7	0.003	0.000	0.000
64	1.908	0.049	0.000	0.000	0.000	2.311	0.000	0.000	0.000	0.000	0.000	0.000	0.000	0.006	0.000	0.000
65	1.938	0.037	0.000	0.000	0.000	1.999	0.000	0.000	0.000	0.000	0.000	0.000	0.000	0.004	0.000	0.000
66	1.968	0.006	0.000	0.000	0.000	1.716	0.000	0.000	0.000	0.000	0.000	0.000	0.000	7.138E-4	0.000	0.000
67	1.998	1.780E-4	0.000	0.000	0.000	1.575	0.000	0.000	0.000	0.000	0.000	0.000	0.000	0.003	0.000	0.000
68	2.028	1.205E-6	0.000	0.000	0.000	1.425	0.000	0.000	0.000	0.000	0.000	0.000	0.000	0.009	0.000	0.000
