 	x	1	2	3	4	5	6
1	0.021	0.000	0.000	0.000	0.000	0.000	0.000
2	0.042	0.000	0.000	0.000	0.000	0.000	0.000
3	0.064	0.000	0.000	0.000	0.000	0.000	0.000
4	0.085	0.000	0.000	0.000	0.000	0.000	0.000
5	0.106	0.000	0.000	0.000	0.000	0.000	0.000
6	0.127	0.000	0.000	0.000	0.000	0.000	0.000
7	0.148	0.000	0.000	0.000	0.000	0.000	0.000
8	0.169	0.000	0.000	0.000	0.000	0.000	0.000
9	0.191	0.000	0.000	0.000	0.000	0.000	0.000
10	0.212	0.000	0.000	0.000	0.000	0.000	0.000
11	0.233	0.000	0.000	0.000	0.000	0.000	0.000
12	0.254	0.000	0.000	0.000	0.000	0.000	0.000
13	0.275	0.000	0.000	0.000	0.000	0.000	0.000
14	0.297	0.000	0.000	0.000	0.000	0.000	0.000
15	0.318	0.000	0.000	0.000	0.000	0.000	0.000
16	0.339	0.000	0.000	0.000	0.000	0.000	0.000
17	0.360	0.002	0.000	0.000	0.000	0.000	0.000
18	0.381	0.117	0.000	0.000	0.000	0.000	0.000
19	0.403	0.358	0.000	0.000	0.000	0.000	0.000
20	0.424	0.646	0.000	0.000	0.000	0.000	2.023E-4
21	0.445	0.905	0.000	0.000	0.098	0.000	0.028
22	0.466	1.207	0.000	0.000	0.511	0.000	0.086
23	0.487	1.755	0.000	0.000	1.160	0.000	0.167
24	0.508	2.551	0.000	0.052	2.947	0.433	0.262
25	0.530	4.205	0.011	2.077	7.269	3.870	0.350
26	0.551	8.210	0.236	3.224	14.885	15.326	0.403
27	0.572	17.148	0.583	3.636	23.700	32.554	0.447
28	0.593	33.586	2.530	3.787	34.155	43.349	0.514
29	0.614	56.591	7.286	3.748	44.530	46.243	0.636
30	0.636	79.552	9.906	3.946	53.274	46.292	1.091
31	0.657	93.362	11.915	4.466	58.723	45.029	2.497
32	0.678	92.201	14.615	4.932	60.127	43.771	5.654
33	0.699	78.150	18.059	5.016	57.939	42.084	13.768
34	0.720	58.635	21.726	4.858	52.462	41.290	31.106
35	0.742	40.941	24.630	4.902	44.145	40.619	57.206
36	0.763	27.938	26.190	5.308	34.352	38.538	78.775
37	0.784	19.651	26.567	5.851	25.167	35.690	79.131
38	0.805	14.700	26.582	6.094	18.325	31.630	59.086
39	0.826	11.928	26.964	5.937	14.319	27.832	34.744
40	0.847	10.514	28.142	5.822	12.701	24.368	17.864
41	0.869	9.984	30.368	6.207	12.659	20.763	9.120
42	0.890	10.152	33.796	7.371	13.521	17.174	5.225
43	0.911	10.934	38.289	9.652	14.858	13.406	3.666
44	0.932	12.096	43.110	13.282	16.410	10.449	3.240
45	0.953	13.139	47.533	18.280	17.799	8.092	3.457
46	0.975	13.458	50.547	24.618	18.676	6.403	4.011
47	0.996	12.802	51.208	31.622	18.967	5.366	4.493
48	1.017	11.406	50.161	38.540	18.929	4.687	4.472
49	1.038	9.653	48.413	44.943	18.933	4.538	3.964
50	1.059	7.876	46.391	50.692	19.340	4.955	3.429
51	1.081	6.373	44.030	56.352	20.500	5.806	3.281
52	1.102	5.303	40.921	61.820	22.067	6.704	3.582
53	1.123	4.693	36.370	65.928	22.924	7.140	4.378
54	1.144	4.392	30.071	67.855	21.556	7.086	5.699
55	1.165	4.226	23.311	67.881	17.696	6.789	7.318
56	1.186	4.045	17.175	65.736	12.904	6.564	8.617
57	1.208	3.785	12.423	60.844	8.960	6.467	8.722
58	1.229	3.449	9.184	51.957	6.496	6.403	7.485
59	1.250	3.120	6.967	39.084	5.285	6.372	5.861
60	1.271	2.922	5.240	25.844	4.836	6.232	4.823
61	1.292	2.890	3.856	15.144	4.684	6.133	4.705
62	1.314	2.962	2.920	8.346	4.555	6.101	5.556
63	1.335	3.037	2.229	4.584	4.269	5.943	7.250
64	1.356	3.028	1.697	2.636	4.004	5.519	7.246
65	1.377	2.892	1.284	1.687	4.082	4.762	2.366
66	1.398	2.734	1.009	1.202	4.492	3.960	0.037
67	1.420	2.712	0.819	0.992	5.003	3.342	0.000
68	1.441	2.990	0.709	0.933	5.286	3.072	0.000
69	1.462	3.638	0.684	0.816	5.127	2.842	0.000
70	1.483	4.518	0.596	0.522	4.522	2.353	0.000
71	1.504	5.341	0.289	0.218	3.639	2.032	0.000
72	1.525	5.963	0.159	0.049	2.901	0.864	0.000
73	1.547	6.097	0.041	0.000	2.341	0.026	0.000
74	1.568	3.281	0.000	0.000	1.527	0.000	0.000
75	1.589	0.017	0.000	0.000	0.670	0.000	0.000
76	1.610	0.000	0.000	0.000	0.011	0.000	0.000
77	1.631	0.000	0.000	0.000	0.000	0.000	0.000
78	1.653	0.000	0.000	0.000	0.000	0.000	0.000
79	1.674	0.000	0.000	0.000	0.000	0.000	0.000
80	1.695	0.000	0.000	0.000	0.000	0.000	0.000
81	1.716	0.000	0.000	0.000	0.000	0.000	0.000
82	1.737	0.000	0.000	0.000	0.000	0.000	0.000
83	1.759	0.000	0.000	0.000	0.000	0.000	0.000
84	1.780	0.000	0.000	0.000	0.000	0.000	0.000
85	1.801	0.000	0.000	0.000	0.000	0.000	0.000
86	1.822	0.000	0.000	0.000	0.000	0.000	0.000
87	1.843	0.000	0.000	0.000	0.000	0.000	0.000
88	1.864	0.000	0.000	0.000	0.000	0.000	0.000
89	1.886	0.000	0.000	0.000	0.000	0.000	0.000
90	1.907	0.000	0.000	0.000	0.000	0.000	0.000
91	1.928	0.000	0.000	0.000	0.000	0.000	0.000
92	1.949	0.000	0.000	0.000	0.000	0.000	0.000
93	1.970	0.000	0.000	0.000	0.000	0.000	0.000
94	1.992	0.000	0.000	0.000	0.000	0.000	0.000
95	2.013	0.000	0.000	0.000	0.000	0.000	0.000
96	0.000	0.000	0.000	0.000	0.000	0.000	0.000
