 	x	1	2	3	4	5	6
1	0.021	0.000	0.000	0.000	0.000	0.000	0.000
2	0.042	0.000	0.000	0.000	0.000	0.000	0.000
3	0.064	0.000	0.000	0.000	0.000	0.000	0.000
4	0.085	0.000	0.000	0.000	0.000	0.000	0.000
5	0.106	0.000	0.000	0.000	0.000	0.000	0.000
6	0.127	0.000	0.000	0.000	0.000	0.000	0.000
7	0.148	0.000	0.000	0.000	0.000	0.000	0.000
8	0.169	0.000	0.000	0.000	0.000	0.000	0.000
9	0.191	0.000	0.000	0.000	0.000	0.000	0.000
10	0.212	0.000	0.000	0.000	0.000	0.000	0.000
11	0.233	0.000	0.000	0.000	0.000	0.000	0.000
12	0.254	0.000	0.000	0.000	0.000	0.000	0.000
13	0.275	0.000	0.000	0.000	0.000	0.000	0.000
14	0.297	0.000	0.000	0.000	0.000	0.000	0.000
15	0.318	0.000	0.000	0.000	0.000	0.000	0.000
16	0.339	0.000	0.000	0.000	0.000	0.000	0.000
17	0.360	0.000	0.000	0.000	0.000	0.000	0.000
18	0.381	0.061	0.000	0.000	0.000	0.000	0.000
19	0.403	0.523	0.000	0.000	0.000	0.000	0.000
20	0.424	1.291	0.000	0.000	0.000	0.000	0.000
21	0.445	2.052	0.000	0.000	0.000	0.000	0.005
22	0.466	2.711	0.000	0.000	0.104	0.000	0.018
23	0.487	3.163	0.000	0.000	0.816	0.017	0.080
24	0.508	3.795	0.000	0.073	1.369	0.315	0.136
25	0.530	5.390	0.035	2.166	1.770	2.170	0.190
26	0.551	9.625	0.524	3.716	2.316	11.338	0.229
27	0.572	19.543	1.109	4.604	3.480	28.366	0.259
28	0.593	38.442	1.724	4.665	6.008	36.648	0.316
29	0.614	62.728	2.141	4.683	11.117	43.470	0.363
30	0.636	80.019	2.856	4.833	20.241	48.369	0.500
31	0.657	79.292	4.051	5.179	33.917	51.916	1.240
32	0.678	64.589	5.798	5.463	49.257	54.625	3.226
33	0.699	46.927	8.198	5.523	59.796	56.581	7.827
34	0.720	33.209	11.105	5.606	59.958	59.618	18.974
35	0.742	24.265	13.654	6.119	50.414	62.317	39.945
36	0.763	18.534	14.990	7.218	37.114	64.124	65.744
37	0.784	14.603	15.214	8.664	25.517	63.273	80.429
38	0.805	11.662	15.179	10.204	17.683	59.198	73.302
39	0.826	9.435	15.513	11.701	13.318	54.606	51.797
40	0.847	7.869	16.624	13.450	11.387	49.492	30.618
41	0.869	6.976	18.628	15.912	11.008	45.301	16.903
42	0.890	6.787	21.790	19.305	11.597	41.136	9.790
43	0.911	7.339	26.505	23.671	12.702	35.650	6.440
44	0.932	8.508	32.803	28.694	13.724	29.816	4.936
45	0.953	9.944	40.172	33.764	14.277	23.259	4.365
46	0.975	11.017	47.727	38.673	14.579	17.530	4.294
47	0.996	11.236	54.169	43.163	15.352	12.590	4.447
48	1.017	10.546	59.056	46.934	17.370	9.230	4.478
49	1.038	9.364	62.861	49.889	21.100	7.451	4.231
50	1.059	8.127	65.956	52.337	26.824	6.726	3.762
51	1.081	7.134	67.452	54.536	34.122	7.212	3.383
52	1.102	6.522	66.710	56.098	40.933	8.138	3.318
53	1.123	6.250	62.898	56.249	43.144	8.873	3.643
54	1.144	6.147	55.781	54.519	38.023	9.137	4.342
55	1.165	5.956	46.450	51.361	28.241	8.976	5.371
56	1.186	5.529	37.325	47.633	18.679	8.740	6.464
57	1.208	4.883	29.819	43.227	12.157	8.473	6.950
58	1.229	4.229	24.118	36.981	8.639	8.174	6.484
59	1.250	3.721	19.706	28.715	6.932	7.844	5.417
60	1.271	3.437	15.776	19.726	6.128	7.547	4.483
61	1.292	3.414	12.127	12.167	5.687	7.527	4.114
62	1.314	3.628	9.084	7.065	5.441	7.659	4.443
63	1.335	4.007	7.012	4.075	5.447	7.701	5.448
64	1.356	4.419	5.596	2.509	5.896	7.372	6.959
65	1.377	4.676	4.511	1.628	6.795	6.426	5.230
66	1.398	4.622	3.543	1.151	7.888	5.264	2.591
67	1.420	4.304	2.770	0.921	8.695	4.150	0.374
68	1.441	3.983	2.156	0.778	8.863	3.285	0.000
69	1.462	3.943	1.702	0.595	8.442	2.748	0.000
70	1.483	4.331	0.861	0.372	7.741	2.051	0.000
71	1.504	5.069	0.251	0.156	6.935	1.492	0.000
72	1.525	5.945	0.007	0.036	5.831	1.241	0.000
73	1.547	6.460	0.000	1.877E-4	4.046	0.962	0.000
74	1.568	4.901	0.000	0.000	2.274	0.723	0.000
75	1.589	0.219	0.000	0.000	0.365	0.523	0.000
76	1.610	0.000	0.000	0.000	0.000	0.388	0.000
77	1.631	0.000	0.000	0.000	0.000	0.324	0.000
78	1.653	0.000	0.000	0.000	0.000	0.278	0.000
79	1.674	0.000	0.000	0.000	0.000	0.401	0.000
80	1.695	0.000	0.000	0.000	0.000	0.663	0.000
81	1.716	0.000	0.000	0.000	0.000	0.534	0.000
82	1.737	0.000	0.000	0.000	0.000	0.315	0.000
83	1.759	0.000	0.000	0.000	0.000	0.068	0.000
84	1.780	0.000	0.000	0.000	0.000	0.000	0.000
85	1.801	0.000	0.000	0.000	0.000	0.000	0.000
86	1.822	0.000	0.000	0.000	0.000	0.000	0.000
87	1.843	0.000	0.000	0.000	0.000	0.000	0.000
88	1.864	0.000	0.000	0.000	0.000	0.000	0.000
89	1.886	0.000	0.000	0.000	0.000	0.000	0.000
90	1.907	0.000	0.000	0.000	0.000	0.000	0.000
91	1.928	0.000	0.000	0.000	0.000	0.000	0.000
92	1.949	0.000	0.000	0.000	0.000	0.000	0.000
93	1.970	0.000	0.000	0.000	0.000	0.000	0.000
94	1.992	0.000	0.000	0.000	0.000	0.000	0.000
95	2.013	0.000	0.000	0.000	0.000	0.000	0.000
96	0.000	0.000	0.000	0.000	0.000	0.000	0.000
