 	x	1	2	3	4	5	6	7	8	9	10	11	12	13	14	15
1	0.030	0.000	0.000	0.858	0.000	0.000	1.104E-4	3.532	3.948E-6	0.000	0.000	0.000	0.049	0.000	0.000	0.000
2	0.060	0.000	0.000	0.777	0.000	0.000	0.002	3.491	2.936E-5	0.000	0.000	0.000	0.096	0.000	0.000	0.000
3	0.089	0.000	0.000	0.480	0.000	0.000	0.013	3.652	4.870E-5	0.000	0.028	0.000	0.141	0.000	0.000	0.000
4	0.119	0.000	0.000	0.165	0.000	0.000	0.045	4.033	5.477E-6	0.000	0.197	0.000	0.114	0.000	0.000	0.000
5	0.149	0.000	0.000	0.029	0.000	0.000	0.167	4.498	2.100E-5	0.000	0.082	0.000	0.109	0.000	0.000	0.000
6	0.179	0.000	6.406E-5	0.006	0.000	0.000	0.485	4.714	5.059E-5	0.021	0.006	0.000	0.216	0.000	0.000	0.000
7	0.209	0.000	0.003	0.005	0.000	0.004	1.071	4.536	1.543E-4	0.862	1.172E-4	0.002	0.559	0.000	0.000	0.000
8	0.239	0.000	0.033	0.010	0.000	0.203	1.750	4.595	7.070E-4	2.303	1.439E-6	0.008	1.256	0.000	0.000	0.000
9	0.268	0.000	0.050	0.053	0.000	0.847	2.298	5.364	0.003	2.256	6.185E-8	0.020	2.267	0.000	4.761E-4	0.000
10	0.298	0.000	0.013	0.274	0.000	1.739	2.375	6.058	0.021	1.701	0.000	0.084	3.356	0.000	0.008	0.000
11	0.328	2.501E-7	5.908E-4	0.400	0.000	1.943	2.022	5.889	0.042	1.359	0.000	0.409	4.141	1.217E-5	0.092	0.000
12	0.358	7.135E-5	6.700E-6	0.478	0.000	2.027	1.686	4.992	0.042	1.131	2.829E-7	1.335	4.534	0.010	0.660	0.000
13	0.388	0.002	0.000	0.699	0.000	2.038	1.658	4.212	0.063	0.850	1.937E-4	2.215	4.610	0.043	1.895	0.000
14	0.417	0.008	0.000	1.216	0.000	1.917	2.146	3.821	0.143	0.553	0.005	2.166	4.802	0.053	2.497	0.000
15	0.447	0.008	4.416E-6	2.171	0.000	1.719	2.832	3.894	0.308	0.479	0.038	1.803	5.214	0.023	2.418	0.000
16	0.477	0.006	4.724E-4	3.547	6.375E-8	1.664	3.081	4.032	0.618	0.724	0.054	1.555	5.270	0.002	2.319	0.097
17	0.507	0.031	0.008	5.192	4.570E-7	1.936	2.772	3.665	1.066	1.268	0.049	1.281	4.374	0.001	2.592	2.030
18	0.537	0.102	0.051	6.681	1.992E-6	2.480	2.481	2.955	1.689	1.637	0.062	1.010	3.030	0.018	2.798	2.949
19	0.567	0.272	0.196	7.301	5.832E-6	3.026	2.493	2.372	2.582	1.497	0.069	0.864	2.065	0.040	2.661	3.525
20	0.596	0.635	0.693	7.294	8.987E-5	3.294	2.634	1.918	3.501	1.167	0.061	0.841	1.578	0.030	2.532	3.865
21	0.626	1.541	2.011	7.405	1.592E-4	3.195	2.992	1.545	4.201	0.968	0.034	0.905	1.546	0.023	2.757	3.944
22	0.656	3.431	3.621	7.895	7.606E-4	2.951	3.592	1.399	4.523	0.938	0.030	1.120	2.138	0.060	3.175	3.631
23	0.686	5.941	3.988	7.868	0.018	2.897	4.026	1.553	4.286	1.143	0.058	1.560	3.479	0.125	3.480	2.921
24	0.716	7.478	3.085	6.207	0.186	3.226	3.744	1.860	3.590	1.616	0.136	2.045	5.135	0.181	3.593	2.381
25	0.745	7.194	2.143	3.767	0.843	4.020	2.987	2.088	2.948	2.321	0.378	2.246	6.210	0.300	3.960	2.336
26	0.775	6.315	1.737	1.959	1.892	5.064	2.383	2.233	2.986	3.212	0.991	2.223	6.260	0.686	4.910	2.603
27	0.805	5.704	2.023	1.039	2.571	5.781	2.074	2.570	3.783	3.995	2.006	2.286	5.904	1.553	6.593	3.051
28	0.835	5.354	3.149	0.568	2.763	5.549	1.971	3.175	4.462	4.088	3.178	2.584	5.788	2.485	7.812	3.682
29	0.865	4.872	4.815	0.266	2.819	4.801	2.199	3.764	4.116	3.491	4.209	2.921	6.030	3.037	7.364	4.203
30	0.895	4.212	5.790	0.095	2.686	4.578	2.843	4.128	3.168	2.921	4.854	2.991	6.207	3.710	5.702	4.296
31	0.924	3.787	5.464	0.042	2.496	5.147	3.352	4.217	2.509	2.772	4.943	2.970	5.895	4.718	4.349	4.018
32	0.954	3.878	4.556	0.063	2.573	5.766	3.230	4.048	2.496	3.145	4.741	3.306	5.243	5.300	3.832	3.797
33	0.984	4.202	3.681	0.121	2.899	5.595	2.806	3.909	3.162	3.723	4.728	3.885	4.980	5.043	3.830	4.144
34	1.014	4.288	2.926	0.088	3.261	4.901	2.400	3.915	4.406	4.123	5.176	3.989	5.397	4.476	3.988	4.821
35	1.044	4.077	2.400	0.015	3.444	4.351	2.181	3.837	5.704	4.044	5.674	3.484	6.067	3.948	4.136	3.939
36	1.073	3.947	2.344	0.001	3.403	4.196	2.196	3.457	5.776	3.388	5.550	2.829	5.810	3.377	4.127	1.676
37	1.103	3.910	2.928	0.004	3.131	4.251	2.200	2.921	3.863	2.447	4.741	2.111	3.950	2.801	4.035	0.955
38	1.133	3.642	3.979	0.039	2.613	4.027	2.204	2.364	1.466	1.665	3.968	1.299	1.676	2.358	3.674	0.000
39	1.163	3.313	4.806	0.104	2.084	3.434	2.191	1.992	0.362	1.349	3.546	0.639	0.450	2.183	2.947	0.000
40	1.193	3.025	4.953	0.115	1.904	2.827	2.080	1.965	0.145	1.345	3.497	0.390	0.108	2.301	2.090	0.000
41	1.223	2.746	4.482	0.066	1.867	2.357	1.972	2.251	0.124	1.264	3.663	0.359	0.055	2.524	1.673	0.000
42	1.252	2.409	3.561	0.051	1.650	1.884	2.052	2.747	0.084	0.769	3.805	0.258	0.024	2.736	1.469	0.000
43	1.282	1.961	2.343	0.090	1.380	1.478	2.514	2.839	0.033	0.327	3.945	0.089	0.003	2.969	1.152	0.000
44	1.312	1.617	1.126	0.093	1.126	1.342	2.975	2.186	0.019	0.097	4.568	0.015	1.164E-4	3.233	0.826	0.000
45	1.342	1.678	0.377	0.050	0.992	1.469	3.130	1.291	0.018	0.026	5.474	3.788E-4	3.166E-6	3.556	0.585	0.000
46	1.372	2.244	0.088	0.021	1.199	1.747	2.935	0.590	0.008	0.009	5.988	3.163E-6	2.645E-4	4.042	0.355	0.000
47	1.401	2.827	0.014	0.022	1.745	2.134	2.319	0.163	9.280E-4	0.003	6.333	2.669E-8	0.004	4.685	0.132	0.000
48	1.431	2.705	0.002	0.049	2.401	2.593	1.437	0.028	3.214E-4	7.166E-4	6.542	0.000	0.027	5.331	0.024	0.000
49	1.461	2.133	0.004	0.043	2.981	3.041	0.873	0.009	0.007	7.071E-5	5.727	0.000	0.027	5.741	0.001	0.000
50	1.491	1.837	0.024	0.010	2.988	3.499	0.621	0.014	0.044	3.871E-7	3.552	0.000	0.038	5.702	1.260E-5	0.000
51	1.521	2.146	0.040	0.001	2.172	3.943	0.496	0.007	0.042	0.000	1.673	0.000	0.035	5.393	0.000	0.000
52	1.551	3.275	0.018	0.003	1.383	4.343	0.368	0.001	0.006	0.000	0.628	0.000	0.006	5.282	0.000	0.000
53	1.580	4.923	9.182E-4	0.016	1.230	4.497	0.171	1.867E-5	2.106E-4	0.000	0.180	0.000	4.601E-4	5.517	0.000	0.000
54	1.610	6.323	1.926E-5	0.082	1.732	4.395	0.038	7.730E-8	9.724E-7	0.000	0.085	0.000	6.522E-5	5.428	6.770E-8	0.000
55	1.640	6.714	0.000	0.235	2.494	4.317	0.002	0.000	0.000	0.000	0.053	0.000	2.500E-4	4.176	2.329E-6	0.000
56	1.670	5.887	0.000	0.103	2.728	4.218	3.897E-6	0.000	0.000	0.000	0.023	0.000	0.005	2.332	1.282E-5	0.000
57	1.700	3.767	0.000	0.002	2.338	3.865	0.000	0.000	0.000	0.000	0.004	0.000	0.026	0.965	5.788E-4	0.000
58	1.729	1.702	0.000	4.529E-8	1.991	3.432	0.000	0.000	0.000	0.000	1.390E-4	0.000	0.018	0.324	1.110E-4	0.000
59	1.759	0.835	0.000	0.000	1.904	3.028	0.000	0.000	0.000	0.000	7.712E-7	0.000	0.000	0.119	2.333E-5	0.000
60	1.789	0.343	0.000	0.000	1.954	2.563	0.000	0.000	0.000	0.000	0.000	0.000	0.000	0.055	9.702E-7	0.000
61	1.819	0.117	0.000	0.000	1.208	2.201	0.000	0.000	0.000	0.000	0.000	0.000	0.000	0.012	0.000	0.000
62	1.849	0.057	0.000	0.000	0.068	2.239	0.000	0.000	0.000	0.000	0.000	0.000	0.000	8.630E-4	0.000	0.000
63	1.879	0.061	0.000	0.000	0.000	2.593	0.000	0.000	0.000	0.000	0.000	0.000	0.000	1.345E-5	0.000	0.000
64	1.908	0.081	0.000	0.000	0.000	2.727	0.000	0.000	0.000	0.000	0.000	0.000	0.000	4.021E-9	0.000	0.000
65	1.938	0.055	0.000	0.000	0.000	2.368	0.000	0.000	0.000	0.000	0.000	0.000	0.000	0.000	0.000	0.000
66	1.968	0.007	0.000	0.000	0.000	1.831	0.000	0.000	0.000	0.000	0.000	0.000	0.000	0.000	0.000	0.000
67	1.998	1.435E-6	0.000	0.000	0.000	1.368	0.000	0.000	0.000	0.000	0.000	0.000	0.000	0.000	0.000	0.000
68	2.028	0.000	0.000	0.000	0.000	0.860	0.000	0.000	0.000	0.000	0.000	0.000	0.000	0.000	0.000	0.000
