 	x	1	2	3	4	5	6	7	8	9	10	11	12	13	14	15
1	0.030	0.000	0.000	2.250	0.000	0.000	0.003	2.425	0.000	0.000	0.000	0.000	0.000	0.000	0.000	0.000
2	0.060	0.000	0.000	2.125	0.000	0.000	0.014	2.588	0.000	0.000	0.000	0.000	0.000	0.000	0.000	0.000
3	0.089	0.000	0.000	1.428	0.000	0.000	0.075	3.201	0.000	0.000	0.000	0.000	0.000	0.000	0.000	0.000
4	0.119	0.000	0.000	0.655	0.000	0.000	0.176	4.225	0.000	0.000	0.000	0.000	0.000	0.000	0.000	0.000
5	0.149	0.000	0.000	0.232	0.000	0.000	0.346	5.335	1.086E-6	0.000	6.732E-5	0.000	7.878E-5	0.000	0.000	0.000
6	0.179	0.000	5.088E-7	0.078	0.000	0.000	0.627	5.818	6.688E-4	0.000	2.674E-5	2.565E-6	0.002	0.000	0.000	0.000
7	0.209	0.000	5.231E-6	0.048	0.000	0.000	1.063	5.327	0.014	0.000	2.232E-6	2.108E-5	0.024	0.000	0.000	0.000
8	0.239	0.000	3.887E-5	0.067	0.000	0.000	1.535	4.787	0.023	0.000	0.000	2.571E-5	0.227	0.000	1.878E-5	0.000
9	0.268	0.000	4.193E-6	0.162	0.000	0.000	1.702	4.487	0.007	0.081	0.000	0.003	0.320	0.000	1.590E-5	0.000
10	0.298	0.000	2.506E-6	0.436	0.000	0.000	1.667	4.305	6.998E-4	0.374	0.000	0.032	0.110	0.000	2.670E-4	0.000
11	0.328	0.000	1.117E-4	0.605	0.000	0.759	1.612	3.981	5.360E-4	0.274	0.000	0.130	0.047	0.000	0.030	0.000
12	0.358	3.295E-5	0.001	0.627	0.000	1.916	1.580	3.764	2.056E-4	0.168	0.000	0.330	0.060	0.000	0.041	0.000
13	0.388	0.002	0.012	0.764	0.000	1.710	1.615	3.885	0.002	0.385	0.000	0.579	0.094	7.774E-7	0.031	0.000
14	0.417	0.036	0.031	1.258	1.796E-7	1.347	1.811	4.469	0.025	0.762	0.000	0.967	0.157	3.571E-6	0.054	0.000
15	0.447	0.099	0.032	2.293	6.955E-5	1.335	2.375	5.203	0.114	0.994	0.000	1.627	0.351	5.390E-4	0.123	0.000
16	0.477	0.054	0.017	4.007	0.002	1.701	2.817	5.322	0.328	1.044	3.542E-6	2.044	0.883	0.010	0.274	0.234
17	0.507	0.009	0.051	6.499	0.013	2.156	2.736	4.428	0.713	0.919	3.733E-4	1.779	2.008	0.035	0.577	1.947
18	0.537	0.014	0.162	9.188	0.013	2.453	2.330	3.216	1.331	0.723	0.004	1.276	3.032	0.050	1.152	2.729
19	0.567	0.078	0.487	11.279	0.009	2.492	2.229	2.401	2.117	0.657	0.008	0.932	2.949	0.064	2.129	3.235
20	0.596	0.185	1.478	12.245	0.026	2.311	2.419	1.992	2.992	0.619	0.019	0.766	2.280	0.090	3.190	3.500
21	0.626	0.196	3.038	12.340	0.034	2.054	2.656	1.796	3.651	0.540	0.084	0.731	1.728	0.046	3.352	3.603
22	0.656	0.227	3.528	11.818	0.041	1.950	2.932	1.776	3.872	0.580	0.307	0.838	1.392	0.007	2.923	3.532
23	0.686	0.454	2.814	10.590	0.093	2.083	3.397	1.953	3.896	0.916	0.802	1.112	1.441	0.013	2.999	2.998
24	0.716	0.977	1.951	8.015	0.254	2.314	3.741	1.997	3.636	1.559	1.745	1.426	2.072	0.074	3.570	2.224
25	0.745	1.747	1.399	4.661	0.662	2.416	3.688	1.854	2.907	2.281	3.328	1.613	3.406	0.171	3.785	1.682
26	0.775	2.465	1.260	2.187	1.553	2.352	3.347	1.777	2.368	3.269	4.899	1.707	4.726	0.256	3.181	1.522
27	0.805	2.837	1.707	1.010	2.860	2.414	3.052	1.987	2.616	4.140	5.349	1.947	4.919	0.564	2.576	1.689
28	0.835	2.948	2.787	0.497	3.805	2.988	2.722	2.417	3.424	4.073	4.488	2.408	4.224	1.438	2.353	2.124
29	0.865	3.086	3.790	0.227	3.885	4.088	2.397	2.821	4.040	3.346	3.525	2.852	3.625	2.775	2.522	2.659
30	0.895	3.378	3.919	0.090	3.401	5.084	2.436	3.012	4.072	2.982	3.279	3.008	3.082	3.876	2.913	3.011
31	0.924	3.793	3.706	0.052	3.004	5.366	2.754	3.079	3.741	3.204	3.845	2.920	2.373	4.114	3.408	3.046
32	0.954	4.194	4.105	0.088	2.839	4.996	2.858	3.118	3.414	3.591	4.989	2.868	1.842	3.797	3.929	3.056
33	0.984	4.392	5.056	0.161	2.808	4.444	2.812	3.309	3.288	3.427	6.085	2.821	1.875	3.510	4.344	3.543
34	1.014	4.003	5.676	0.127	2.849	4.190	2.675	3.550	3.059	2.668	6.228	2.535	2.342	3.296	4.287	4.261
35	1.044	3.114	5.509	0.073	2.851	4.226	2.459	3.515	2.423	1.652	5.665	2.184	2.634	2.833	3.907	3.565
36	1.073	2.341	4.953	0.068	2.698	4.079	2.399	2.991	1.527	0.770	4.843	1.862	2.667	2.264	3.619	1.566
37	1.103	2.202	4.558	0.037	2.435	3.556	2.435	2.232	0.679	0.325	4.163	1.525	2.792	1.869	3.327	0.801
38	1.133	2.802	4.495	0.022	2.232	2.943	2.450	1.737	0.224	0.134	3.951	1.313	3.069	1.670	2.770	0.000
39	1.163	3.999	4.603	0.084	2.008	2.471	2.470	1.806	0.103	0.058	4.450	1.520	3.413	1.669	2.308	0.000
40	1.193	4.974	4.595	0.155	1.770	2.372	2.504	2.345	0.123	0.032	5.058	2.213	3.719	1.906	2.389	0.000
41	1.223	4.842	3.817	0.110	1.580	2.533	2.543	3.014	0.122	0.026	5.167	2.553	3.625	2.296	2.764	0.000
42	1.252	4.012	2.203	0.052	1.354	2.535	2.571	3.362	0.064	0.021	4.710	1.544	3.290	2.728	2.785	0.000
43	1.282	3.486	0.787	0.050	1.084	2.399	2.747	2.854	0.034	0.020	4.052	0.385	2.782	3.260	2.333	0.000
44	1.312	3.336	0.204	0.063	0.930	2.459	2.848	1.705	0.032	0.039	3.265	0.048	1.893	3.919	1.637	0.000
45	1.342	3.205	0.063	0.045	0.968	2.619	2.493	0.695	0.037	0.031	2.324	0.010	0.895	4.396	0.898	0.000
46	1.372	3.131	0.052	0.023	1.196	2.482	1.792	0.249	0.014	0.007	1.505	0.001	0.286	4.478	0.375	0.000
47	1.401	3.201	0.080	0.051	1.493	2.060	1.070	0.068	6.855E-4	3.408E-4	0.785	2.047E-4	0.063	4.462	0.184	0.000
48	1.431	3.158	0.074	0.086	1.697	1.758	0.522	0.013	2.684E-6	3.413E-6	0.365	1.472E-6	0.007	4.456	0.213	0.000
49	1.461	3.026	0.043	0.051	1.696	1.844	0.200	0.001	0.000	0.000	0.227	0.000	2.392E-4	4.194	0.525	0.000
50	1.491	3.357	0.023	0.009	1.415	2.232	0.117	3.992E-5	0.000	0.000	0.202	0.000	9.890E-7	3.857	1.166	0.000
51	1.521	4.494	0.004	0.001	1.065	2.598	0.123	2.520E-7	0.000	1.461E-6	0.117	0.000	0.000	3.900	1.276	0.000
52	1.551	6.115	1.397E-4	0.003	0.914	2.654	0.169	0.000	0.000	4.794E-4	0.027	0.000	0.000	4.010	0.567	0.000
53	1.580	7.592	2.549E-7	0.018	1.207	2.506	0.159	0.000	0.000	0.013	0.002	0.000	0.000	3.250	0.137	0.000
54	1.610	8.318	0.000	0.090	2.097	2.418	0.090	0.000	0.000	0.104	4.874E-5	0.000	0.000	1.663	0.036	0.000
55	1.640	7.937	0.000	0.235	3.172	2.461	0.012	0.000	0.000	0.311	1.791E-7	0.000	0.000	0.485	0.026	0.000
56	1.670	6.162	0.000	0.092	3.697	2.573	3.000E-4	0.000	0.000	0.569	0.000	0.000	0.000	0.079	0.042	0.000
57	1.700	3.636	0.000	3.742E-4	3.623	2.543	3.744E-8	0.000	0.000	0.404	0.000	0.000	0.000	0.013	0.035	0.000
58	1.729	1.539	0.000	0.000	3.357	2.360	0.000	0.000	0.000	0.123	0.000	0.000	0.000	0.019	0.006	0.000
59	1.759	0.536	0.000	0.000	3.030	2.424	0.000	0.000	0.000	0.126	0.000	0.000	0.000	0.043	1.953E-4	0.000
60	1.789	0.201	0.000	0.000	2.523	2.895	0.000	0.000	0.000	0.186	0.000	0.000	0.000	0.030	0.000	0.000
61	1.819	0.094	0.000	0.000	0.861	3.226	0.000	0.000	0.000	0.061	0.000	0.000	0.000	0.003	0.000	0.000
62	1.849	0.055	0.000	0.000	0.045	3.027	0.000	0.000	0.000	0.003	0.000	0.000	0.000	3.376E-5	0.000	0.000
63	1.879	0.036	0.000	0.000	0.000	2.488	0.000	0.000	0.000	0.000	0.000	0.000	0.000	7.514E-8	0.000	0.000
64	1.908	0.036	0.000	0.000	0.000	1.742	0.000	0.000	0.000	0.000	0.000	0.000	0.000	0.000	0.000	0.000
65	1.938	0.054	0.000	0.000	0.000	0.991	0.000	0.000	0.000	0.000	0.000	0.000	0.000	0.000	0.000	0.000
66	1.968	0.037	0.000	0.000	0.000	0.422	0.000	0.000	0.000	0.000	0.000	0.000	0.000	0.000	0.000	0.000
67	1.998	0.005	0.000	0.000	0.000	0.135	0.000	0.000	0.000	0.000	0.000	0.000	0.000	0.000	0.000	0.000
68	2.028	1.645E-4	0.000	0.000	0.000	0.000	0.000	0.000	0.000	0.000	0.000	0.000	0.000	0.000	0.000	0.000
