 	x	1	2	3	4	5	6
1	0.021	0.000	0.000	0.000	0.000	0.000	0.000
2	0.042	0.000	0.000	0.000	0.000	0.000	0.000
3	0.064	0.000	0.000	0.000	0.000	0.000	0.000
4	0.085	0.000	0.000	0.000	0.000	0.000	0.000
5	0.106	0.000	0.000	0.000	0.000	0.000	0.000
6	0.127	0.000	0.000	0.000	0.000	0.000	0.000
7	0.148	0.000	0.000	0.000	0.000	0.000	0.000
8	0.169	0.000	0.000	0.000	0.000	0.000	0.000
9	0.191	0.000	0.000	0.000	0.000	0.000	0.000
10	0.212	0.000	0.000	0.000	0.000	0.000	0.000
11	0.233	0.000	0.000	0.000	0.000	0.000	0.000
12	0.254	0.000	0.000	0.000	0.000	0.000	0.000
13	0.275	0.000	0.000	0.000	0.000	0.000	0.000
14	0.297	0.000	0.000	0.000	0.000	0.000	0.000
15	0.318	0.000	0.000	0.000	0.000	0.000	0.000
16	0.339	0.000	0.000	0.000	0.000	0.000	0.000
17	0.360	0.000	0.000	0.000	0.000	0.000	0.000
18	0.381	0.063	0.000	0.000	0.000	0.000	0.000
19	0.403	0.272	0.000	0.000	0.000	0.000	0.000
20	0.424	0.608	0.000	0.000	0.000	0.000	0.000
21	0.445	1.118	0.000	0.000	0.000	0.000	0.000
22	0.466	1.659	0.000	0.000	0.083	0.051	0.000
23	0.487	2.225	0.000	0.000	0.544	0.290	0.000
24	0.508	3.515	0.000	2.076	0.811	0.847	0.000
25	0.530	6.710	0.004	4.705	0.952	3.729	0.018
26	0.551	13.651	0.260	5.952	1.185	7.708	0.069
27	0.572	25.526	0.709	6.240	1.662	11.378	0.130
28	0.593	40.284	0.971	5.992	2.631	15.659	0.173
29	0.614	51.945	1.020	5.985	4.594	20.085	0.192
30	0.636	54.700	1.172	6.098	8.313	24.083	0.397
31	0.657	48.631	1.524	6.178	14.489	28.149	1.681
32	0.678	38.255	2.074	6.218	22.716	31.908	4.391
33	0.699	28.825	2.833	6.481	30.587	36.714	10.662
34	0.720	22.215	3.817	7.271	35.027	42.615	24.517
35	0.742	17.737	4.893	8.771	35.171	47.965	47.512
36	0.763	14.360	5.934	10.920	32.529	52.320	71.427
37	0.784	11.564	7.001	13.537	29.062	53.706	80.409
38	0.805	9.293	8.260	16.345	25.989	53.385	68.481
39	0.826	7.643	9.932	19.502	23.631	52.607	46.567
40	0.847	6.693	12.139	23.455	21.722	51.686	27.646
41	0.869	6.475	15.027	28.601	19.869	51.585	16.025
42	0.890	6.917	18.933	35.130	17.889	51.120	10.027
43	0.911	7.803	24.282	42.354	15.952	50.740	7.105
44	0.932	8.727	31.286	49.455	14.165	50.233	5.603
45	0.953	9.213	39.453	55.884	12.634	48.512	4.833
46	0.975	9.046	47.929	60.905	11.480	46.426	4.511
47	0.996	8.352	55.231	64.364	10.915	42.708	4.415
48	1.017	7.456	60.245	66.301	11.229	39.389	4.296
49	1.038	6.666	62.786	67.023	12.834	36.517	4.006
50	1.059	6.129	63.598	67.051	16.278	34.330	3.622
51	1.081	5.809	63.521	66.057	22.182	32.750	3.321
52	1.102	5.620	62.892	62.855	30.431	29.355	3.265
53	1.123	5.501	61.528	56.688	39.461	24.992	3.438
54	1.144	5.404	58.436	47.611	46.948	19.555	3.762
55	1.165	5.266	53.674	36.730	51.511	14.997	4.157
56	1.186	5.033	47.672	26.314	52.181	11.608	4.456
57	1.208	4.691	41.331	17.493	47.737	9.332	4.475
58	1.229	4.279	35.510	10.693	38.463	8.212	4.202
59	1.250	3.893	30.505	6.261	27.145	7.484	3.870
60	1.271	3.625	25.873	3.633	17.633	7.127	3.674
61	1.292	3.503	21.441	2.318	11.441	7.121	3.762
62	1.314	3.511	17.580	1.700	8.186	7.115	4.171
63	1.335	3.619	14.865	1.324	6.758	6.872	4.858
64	1.356	3.777	13.411	1.068	6.349	6.168	5.663
65	1.377	3.907	13.053	0.879	6.503	5.180	5.534
66	1.398	3.934	13.354	0.736	6.947	4.321	2.530
67	1.420	3.848	13.934	0.607	7.469	3.750	0.068
68	1.441	3.739	10.513	0.466	7.970	3.544	0.000
69	1.462	3.741	2.782	0.310	8.446	3.518	0.000
70	1.483	3.973	0.604	0.172	8.979	3.220	0.000
71	1.504	4.335	0.118	0.081	9.477	3.283	0.000
72	1.525	4.659	0.000	0.005	9.320	3.181	0.000
73	1.547	4.706	0.000	0.000	8.259	2.843	0.000
74	1.568	3.321	0.000	0.000	6.244	2.481	0.000
75	1.589	1.758	0.000	0.000	3.809	2.149	0.000
76	1.610	1.346	0.000	0.000	2.122	1.930	0.000
77	1.631	1.020	0.000	0.000	0.639	1.836	0.000
78	1.653	0.683	0.000	0.000	0.027	1.889	0.000
79	1.674	0.135	0.000	0.000	0.000	2.314	0.000
80	1.695	0.000	0.000	0.000	0.000	2.506	0.000
81	1.716	0.000	0.000	0.000	0.000	2.329	0.000
82	1.737	0.000	0.000	0.000	0.000	1.973	0.000
83	1.759	0.000	0.000	0.000	0.000	1.544	0.000
84	1.780	0.000	0.000	0.000	0.000	1.219	0.000
85	1.801	0.000	0.000	0.000	0.000	1.003	0.000
86	1.822	0.000	0.000	0.000	0.000	0.882	0.000
87	1.843	0.000	0.000	0.000	0.000	0.861	0.000
88	1.864	0.000	0.000	0.000	0.000	0.898	0.000
89	1.886	0.000	0.000	0.000	0.000	0.946	0.000
90	1.907	0.000	0.000	0.000	0.000	0.925	0.000
91	1.928	0.000	0.000	0.000	0.000	0.776	0.000
92	1.949	0.000	0.000	0.000	0.000	0.602	0.000
93	1.970	0.000	0.000	0.000	0.000	0.443	0.000
94	1.992	0.000	0.000	0.000	0.000	0.330	0.000
95	2.013	0.000	0.000	0.000	0.000	0.268	0.000
