 	x	1	2	3	4	5	6	7	8	9	10	11	12	13	14	15	16	17	18	19	20	21	22	23	24	25
1	0.021	0.000	0.000	0.000	0.000	0.000	0.000	0.000	0.000	0.000	11.284	0.000	0.000	0.000	0.000	0.000	0.000	0.000	0.000	0.000	0.000	0.000	0.000	0.000	0.000	0.000
2	0.042	0.000	0.000	0.000	0.000	0.000	0.000	0.034	0.000	0.000	10.402	0.000	0.000	0.000	0.000	0.000	0.000	0.000	0.000	0.000	0.000	0.000	0.000	0.000	0.000	0.000
3	0.064	0.000	0.000	0.000	0.000	0.000	0.000	0.073	0.000	0.000	8.684	0.000	0.000	0.000	0.000	0.000	0.000	0.000	0.000	0.000	0.000	0.000	0.000	0.000	0.000	0.000
4	0.085	0.000	0.000	0.000	0.000	0.000	0.000	0.098	0.000	0.000	6.840	0.000	0.000	0.000	0.000	0.000	0.000	0.000	0.000	0.000	0.000	0.000	0.000	0.000	0.000	0.000
5	0.106	0.000	0.000	0.000	0.000	0.000	0.000	0.108	0.000	0.000	5.516	0.000	0.000	0.000	0.000	0.000	0.000	0.000	0.000	0.000	0.000	0.000	0.000	0.000	0.000	0.000
6	0.127	0.000	0.000	0.000	0.000	0.000	0.000	0.114	0.000	0.000	4.895	0.000	0.000	0.000	0.000	0.000	0.000	0.000	0.000	0.000	0.000	0.000	0.000	0.000	0.000	0.000
7	0.148	0.000	0.000	0.000	0.000	0.000	0.000	0.129	0.000	0.000	4.872	0.000	0.000	0.000	0.000	0.000	0.000	0.000	0.000	0.000	0.000	0.000	0.000	0.000	0.000	0.000
8	0.169	0.000	0.000	0.000	0.000	0.000	0.000	0.168	0.000	0.000	5.263	0.000	0.000	0.000	0.000	0.000	0.000	0.000	0.000	0.000	0.000	0.000	0.000	0.000	0.000	0.000
9	0.191	0.000	0.000	0.000	0.000	0.000	0.000	0.232	0.000	0.000	5.655	0.000	0.000	0.000	0.000	0.000	0.000	0.000	0.000	0.000	0.000	0.000	0.000	0.000	0.000	0.000
10	0.212	0.000	0.000	0.000	0.000	0.000	0.000	0.330	0.000	0.000	5.753	0.000	0.000	0.000	0.000	0.000	0.000	0.000	0.000	0.000	0.000	0.000	0.000	0.000	0.000	0.000
11	0.233	0.000	0.000	0.000	0.000	0.000	0.000	0.472	0.000	0.000	5.532	0.000	0.000	0.000	0.000	0.000	0.000	0.000	0.000	0.000	0.000	0.000	0.000	0.000	0.000	0.000
12	0.254	0.000	0.000	0.000	0.000	0.000	0.000	0.681	0.000	0.000	5.275	0.000	0.000	0.000	0.000	0.000	0.000	0.000	0.000	0.000	0.000	0.000	0.000	0.000	0.000	0.000
13	0.275	0.000	0.000	0.000	0.000	0.000	0.000	0.956	0.000	0.000	5.201	0.000	0.000	0.000	0.000	0.000	0.000	0.000	0.000	0.000	0.000	0.000	0.000	0.000	0.000	0.000
14	0.297	0.000	0.000	0.000	0.000	0.000	0.000	1.234	0.000	0.000	5.355	0.000	0.000	0.000	0.000	0.000	0.000	0.000	0.000	0.000	0.000	0.000	0.000	0.000	0.000	0.000
15	0.318	0.000	0.000	0.000	0.000	0.000	0.000	1.371	0.000	0.000	5.661	0.000	0.000	0.000	0.000	0.000	0.000	0.000	0.000	0.000	0.000	0.000	0.000	0.000	0.016	0.000
16	0.339	0.000	0.000	0.000	0.000	0.000	0.000	1.359	0.000	0.000	6.025	0.000	0.000	0.000	0.000	0.000	0.000	0.000	0.000	0.000	0.000	0.000	0.000	0.000	1.952	0.000
17	0.360	0.000	0.000	0.000	0.000	0.000	0.000	1.057	0.000	0.000	6.255	0.909	0.000	0.000	0.000	0.000	0.000	0.000	0.000	0.000	0.000	0.000	0.000	0.000	4.590	0.000
18	0.381	1.796	0.000	0.000	0.000	0.036	0.000	0.679	0.000	2.176E-4	6.040	2.389	0.000	0.000	0.000	0.000	0.000	0.000	0.000	0.000	0.000	0.000	0.000	0.000	5.581	0.000
19	0.403	2.545	0.000	0.000	0.000	0.250	0.000	0.596	0.000	0.072	5.373	3.005	0.000	0.000	0.000	0.000	0.000	0.000	0.000	0.000	0.000	0.059	0.000	0.000	5.292	0.000
20	0.424	3.784	0.000	0.000	0.000	0.466	0.000	0.325	0.000	0.150	4.597	3.510	0.000	0.051	0.000	0.000	0.000	0.000	0.000	0.079	0.000	0.209	0.000	0.000	4.610	8.837E-5
21	0.445	5.716	0.000	0.000	0.000	0.694	0.019	0.000	0.000	0.141	4.176	3.966	0.000	0.784	0.000	0.000	0.000	0.000	0.000	0.592	0.000	0.258	0.000	0.000	3.973	0.002
22	0.466	8.166	0.000	0.000	0.000	0.926	0.726	0.251	0.333	0.152	4.282	3.950	0.092	1.145	0.000	0.147	0.000	0.000	0.000	1.199	0.000	0.358	0.000	0.000	3.664	0.014
23	0.487	10.279	1.028	0.000	0.000	1.167	2.369	2.332	3.763	0.189	5.089	3.974	0.603	1.292	0.172	0.520	0.000	0.000	0.000	2.627	0.035	0.646	0.000	0.000	3.850	0.044
24	0.508	10.963	14.513	0.000	1.709	1.397	4.202	3.469	4.394	0.251	6.132	4.104	0.889	1.563	0.858	1.047	0.000	0.000	0.000	4.977	0.126	1.480	0.000	0.000	4.542	0.089
25	0.530	9.924	15.589	0.071	14.597	1.752	6.137	3.273	4.280	0.313	6.848	4.286	0.889	2.086	1.158	1.824	0.007	0.012	0.003	7.030	0.211	3.596	5.260E-9	0.381	5.761	0.136
26	0.551	7.942	12.976	3.375	13.006	2.455	7.405	3.268	4.227	0.374	6.516	4.341	0.783	2.799	1.403	2.883	0.091	0.366	0.099	7.195	0.351	8.105	0.011	3.374	7.493	0.155
27	0.572	6.044	11.453	6.042	7.994	3.979	7.780	3.303	4.660	0.464	5.629	4.137	0.741	3.562	1.630	4.255	0.279	0.852	0.191	6.224	0.738	15.170	0.002	6.107	9.211	0.130
28	0.593	4.796	10.638	5.743	5.141	7.368	7.341	3.172	5.000	0.673	4.753	3.769	0.836	3.453	1.748	5.547	0.446	1.350	0.313	5.265	1.882	21.718	2.731E-4	6.489	10.583	0.091
29	0.614	4.287	10.433	5.475	4.000	14.613	6.513	2.838	5.121	1.149	4.340	3.461	1.182	3.029	1.676	6.374	0.461	1.975	0.394	4.744	4.671	23.062	1.530E-4	5.232	11.182	0.069
30	0.636	4.364	10.966	5.124	3.883	27.842	5.737	2.464	5.016	2.085	4.429	3.364	2.028	2.450	1.462	6.417	0.368	2.824	0.474	4.832	9.522	18.820	3.242E-4	4.081	10.520	0.062
31	0.657	4.738	12.411	4.573	4.451	45.888	5.179	2.283	4.609	3.538	5.019	3.436	3.808	1.954	1.272	5.728	0.263	3.647	0.677	5.575	14.908	12.967	0.002	3.789	8.929	0.058
32	0.678	5.038	14.772	3.868	5.429	62.114	4.828	2.442	3.926	5.481	6.126	3.597	6.800	1.716	1.191	4.801	0.234	4.574	1.052	7.087	18.502	8.448	0.012	4.251	7.228	0.058
33	0.699	5.045	17.463	3.196	6.455	69.284	4.492	2.982	3.124	7.519	7.835	3.852	10.687	1.720	1.239	3.937	0.287	5.358	1.495	9.582	19.424	5.706	0.037	5.247	6.222	0.072
34	0.720	4.884	19.400	2.724	7.075	66.123	4.216	3.823	2.443	9.441	10.409	4.231	14.475	1.880	1.367	3.387	0.448	5.627	1.776	13.359	17.908	4.279	0.083	6.106	5.918	0.120
35	0.742	4.818	19.726	2.499	6.930	56.472	4.076	4.748	2.034	11.180	14.078	4.667	17.115	2.083	1.432	3.136	0.755	5.193	1.827	18.647	14.665	3.648	0.170	6.155	6.061	0.230
36	0.763	4.964	18.340	2.471	6.225	44.365	4.275	5.525	1.908	13.096	18.625	4.958	17.953	2.232	1.313	3.217	1.201	4.379	1.831	24.999	10.950	3.441	0.329	5.193	6.497	0.424
37	0.784	5.323	15.868	2.608	5.548	32.321	4.692	6.072	1.998	15.624	22.741	4.973	17.189	2.325	1.074	3.501	1.725	3.527	1.954	31.162	7.912	3.443	0.549	3.937	6.987	0.763
38	0.805	5.945	13.201	2.852	5.300	22.032	5.249	6.467	2.311	18.312	24.840	4.810	15.703	2.431	0.905	3.800	2.315	2.945	2.217	34.900	5.954	3.531	0.766	2.967	7.204	1.439
39	0.826	6.891	10.997	3.189	5.518	14.496	5.971	6.869	2.869	19.787	24.714	4.741	14.369	2.656	0.921	3.968	3.110	2.678	2.649	35.106	5.098	3.591	0.928	2.506	6.999	2.832
40	0.847	7.985	9.528	3.548	5.989	9.707	6.990	7.442	3.566	18.695	23.533	4.857	13.548	3.059	1.170	4.085	4.360	2.730	3.257	32.229	5.237	3.553	1.043	2.454	6.506	5.191
41	0.869	8.726	8.749	3.893	6.247	6.917	8.159	8.145	4.148	15.395	22.875	5.015	13.277	3.632	1.678	4.235	6.426	2.923	3.991	27.580	6.498	3.469	1.159	2.811	6.047	8.193
42	0.890	8.712	8.490	4.316	6.118	5.307	9.113	8.745	4.303	11.618	23.178	4.995	13.739	4.214	2.448	4.492	9.841	3.085	4.653	22.898	8.889	3.412	1.318	3.802	5.691	11.007
43	0.911	8.135	8.494	4.892	5.726	4.331	9.342	9.081	4.148	8.766	23.691	4.753	15.603	4.638	3.348	4.806	15.182	3.153	5.224	18.936	11.804	3.354	1.543	5.956	5.459	13.170
44	0.932	7.535	8.387	5.786	5.311	3.736	8.842	9.351	3.950	7.122	23.019	4.492	19.813	5.020	4.134	5.096	22.617	3.175	5.529	16.028	13.741	3.239	1.853	9.935	5.325	14.572
45	0.953	7.292	7.822	6.883	4.950	3.431	8.087	9.871	3.990	6.507	20.334	4.426	26.919	5.468	4.564	5.233	31.398	3.332	5.516	14.278	13.581	3.167	2.284	15.496	5.188	14.637
46	0.975	7.453	6.811	8.072	4.615	3.376	7.664	10.477	4.496	6.500	15.978	4.619	35.395	5.980	4.661	5.169	39.899	3.696	5.274	13.737	11.687	3.359	2.870	20.526	5.197	13.770
47	0.996	7.751	5.748	9.368	4.348	3.482	7.800	10.490	5.703	6.664	11.409	4.962	41.032	6.260	4.652	5.033	46.678	4.218	5.028	14.445	9.238	4.032	3.616	21.828	5.429	12.465
48	1.017	7.783	5.009	11.218	4.411	3.554	8.367	9.485	7.697	6.664	7.801	5.263	39.667	6.198	4.828	5.194	50.816	4.616	4.940	16.296	7.201	5.168	4.506	19.153	5.874	11.159
49	1.038	7.407	4.709	14.531	5.064	3.378	8.983	7.914	10.279	6.471	5.487	5.446	31.652	5.837	5.697	6.269	51.874	4.848	5.131	18.941	5.754	6.302	5.463	15.375	6.529	10.144
50	1.059	6.854	4.744	19.983	6.523	2.903	9.195	6.593	13.108	6.262	4.221	5.533	21.553	5.250	8.323	9.251	49.845	5.191	5.577	21.577	4.824	6.809	6.252	12.726	7.450	9.328
51	1.081	6.412	4.875	26.539	8.549	2.324	8.780	5.927	16.073	6.138	3.664	5.535	13.459	4.649	14.770	14.898	45.284	6.067	6.197	22.849	4.216	6.526	6.551	11.723	8.834	8.714
52	1.102	6.185	4.773	30.312	10.455	1.896	7.984	5.948	19.170	6.172	3.518	5.442	8.258	4.083	27.525	21.659	39.520	7.727	6.814	22.044	3.709	5.793	6.350	11.758	10.915	8.215
53	1.123	6.085	4.242	26.931	11.508	1.760	7.147	6.665	22.072	6.401	3.583	5.293	5.130	3.663	45.033	23.873	33.939	10.233	7.237	19.326	3.295	5.040	6.124	11.906	13.400	7.817
54	1.144	5.908	3.472	18.086	11.755	1.967	6.477	8.022	23.861	6.695	3.722	5.165	3.191	3.401	56.789	18.416	29.307	12.973	7.220	15.931	2.984	4.466	6.380	11.431	14.898	7.608
55	1.165	5.506	2.851	9.564	11.628	2.598	6.002	9.864	23.504	6.815	3.796	5.186	1.982	3.273	52.056	10.001	25.786	14.715	6.751	13.194	2.915	4.164	7.139	10.224	13.574	7.696
56	1.186	4.950	2.634	4.610	11.618	3.784	5.717	11.886	20.776	6.462	3.659	5.431	1.259	3.229	34.346	4.200	23.046	13.978	5.971	11.484	3.189	4.238	7.738	8.710	9.613	8.108
57	1.208	4.471	2.929	2.440	12.225	5.513	5.598	13.915	16.463	5.716	3.222	5.983	0.860	3.193	17.318	1.651	20.730	10.793	5.178	10.635	3.753	4.867	7.468	7.586	5.374	8.635
58	1.229	4.264	3.831	1.617	13.669	7.358	5.649	16.171	12.070	5.000	2.501	6.848	0.656	3.171	7.496	0.700	18.761	6.774	4.610	10.170	4.409	6.268	6.512	7.173	2.474	8.790
59	1.250	4.445	5.434	1.284	16.187	8.555	6.018	19.021	8.785	4.662	1.785	7.681	0.577	3.165	3.321	0.349	17.211	3.562	4.417	9.723	4.896	8.485	5.591	7.776	0.998	8.113
60	1.271	5.114	7.764	1.078	18.919	8.470	7.014	22.463	6.959	4.760	1.252	8.237	0.549	3.113	1.726	0.195	16.252	1.692	4.696	8.843	5.097	10.991	5.116	9.625	0.367	6.706
61	1.292	6.351	10.705	0.897	19.984	7.230	9.456	26.176	6.402	4.918	0.902	8.389	0.508	3.064	1.059	0.120	16.000	0.801	5.538	7.402	5.135	12.593	5.097	12.550	0.143	5.106
62	1.314	8.104	13.948	0.734	17.675	5.563	14.815	29.591	6.700	5.059	0.640	8.094	0.412	3.237	0.711	0.089	16.470	0.437	7.078	5.834	5.145	12.169	5.376	15.277	0.083	3.847
63	1.335	10.146	17.041	0.595	12.515	4.195	25.500	32.197	7.267	4.933	0.405	7.482	0.302	3.761	0.502	0.086	17.594	0.296	9.383	4.317	5.273	9.749	5.744	15.857	0.081	3.137
64	1.356	12.230	19.615	0.473	7.257	3.394	43.990	33.685	7.353	4.765	0.230	6.823	0.235	4.390	0.369	0.106	19.117	0.222	11.999	2.973	5.617	6.522	5.882	12.811	0.115	2.855
65	1.377	14.203	21.587	0.290	3.396	3.140	68.803	33.883	6.591	4.666	0.131	6.433	0.227	4.664	0.265	0.139	20.655	0.162	13.444	1.882	6.355	3.727	5.388	8.003	0.178	2.886
66	1.398	15.983	22.914	0.111	1.308	3.392	93.291	33.299	5.248	4.750	0.083	6.484	0.262	4.398	0.120	0.152	21.628	0.110	11.150	1.232	7.626	0.933	4.257	3.847	0.200	3.191
67	1.420	17.654	23.135	0.032	0.592	4.147	106.010	32.247	3.899	5.065	0.053	6.895	0.281	4.092	0.031	0.126	21.125	0.066	7.764	0.748	9.384	0.000	3.088	1.517	0.131	3.638
68	1.441	19.677	21.603	0.012	0.330	5.357	100.069	30.444	2.993	5.908	0.036	7.454	0.222	4.243	0.006	0.073	18.459	0.037	5.268	0.532	10.979	0.000	2.400	0.466	0.049	4.014
69	1.462	22.842	18.396	0.009	0.178	6.860	78.500	27.849	2.600	7.913	0.025	7.936	0.135	5.208	0.001	0.032	16.124	0.019	3.666	0.412	11.385	0.000	2.230	0.120	0.018	4.091
70	1.483	27.554	14.553	0.008	0.081	8.451	51.980	25.018	2.020	11.969	0.023	8.330	0.098	7.300	0.002	0.012	12.561	0.009	2.507	0.357	9.916	0.000	0.050	0.033	0.017	3.896
71	1.504	32.422	11.160	6.949E-4	0.020	9.989	30.253	23.322	1.065	18.878	0.022	8.702	0.120	10.478	3.780E-4	0.007	6.109	0.005	1.434	0.353	6.547	0.000	0.000	0.002	0.025	3.688
72	1.525	33.688	5.350	0.000	0.000	11.323	16.592	20.643	0.358	26.661	0.021	9.014	0.167	13.351	0.000	0.016	0.275	0.000	0.094	0.367	3.145	0.000	0.000	0.000	0.036	3.698
73	1.547	28.629	0.000	0.000	0.000	12.035	9.428	16.553	0.110	30.678	0.014	9.029	0.208	13.277	0.000	0.038	0.000	0.000	0.000	0.407	0.987	0.000	0.000	0.000	0.054	3.457
74	1.568	19.697	0.000	0.000	0.000	11.028	5.534	10.352	0.080	27.806	0.001	8.590	0.177	9.580	0.000	0.048	0.000	0.000	0.000	0.437	0.190	0.000	0.000	0.000	0.084	1.908
75	1.589	11.629	0.000	0.000	0.000	8.013	2.659	6.589	0.024	21.161	0.003	7.952	0.051	4.677	0.000	0.002	0.000	0.000	0.000	0.421	0.008	0.000	0.000	0.000	0.121	0.193
76	1.610	0.000	0.000	0.000	0.000	4.514	0.214	4.480	0.000	15.738	0.008	7.619	0.000	1.641	0.000	0.000	0.000	0.000	0.000	0.298	0.000	0.000	0.000	0.000	0.143	0.000
77	1.631	0.000	0.000	0.000	0.000	1.914	0.000	2.829	0.000	13.945	9.774E-4	7.842	0.000	0.443	0.000	0.000	0.000	0.000	0.000	0.029	0.000	0.000	0.000	0.000	0.131	0.000
78	1.653	0.000	0.000	0.000	0.000	0.252	0.000	1.834	0.000	15.452	1.904E-6	6.625	0.000	0.018	0.000	0.000	0.000	0.000	0.000	0.000	0.000	0.000	0.000	0.000	0.091	0.000
79	1.674	0.000	0.000	0.000	0.000	0.000	0.000	1.124	0.000	18.549	0.000	0.591	0.000	0.000	0.000	0.000	0.000	0.000	0.000	0.000	0.000	0.000	0.000	0.000	0.051	0.000
80	1.695	0.000	0.000	0.000	0.000	0.000	0.000	0.649	0.000	21.354	0.000	0.000	0.000	0.000	0.000	0.000	0.000	0.000	0.000	0.000	0.000	0.000	0.000	0.000	0.018	0.000
81	1.716	0.000	0.000	0.000	0.000	0.000	0.000	0.347	0.000	21.650	0.000	0.000	0.000	0.000	0.000	0.000	0.000	0.000	0.000	0.000	0.000	0.000	0.000	0.000	1.843E-4	0.000
82	1.737	0.000	0.000	0.000	0.000	0.000	0.000	0.153	0.000	19.085	0.000	0.000	0.000	0.000	0.000	0.000	0.000	0.000	0.000	0.000	0.000	0.000	0.000	0.000	0.000	0.000
83	1.759	0.000	0.000	0.000	0.000	0.000	0.000	0.003	0.000	14.671	0.000	0.000	0.000	0.000	0.000	0.000	0.000	0.000	0.137	0.000	0.000	0.000	0.000	0.000	0.000	0.000
84	1.780	0.000	0.000	0.000	0.000	0.000	0.000	0.000	0.000	9.827	0.000	0.000	0.000	0.000	0.000	0.000	0.000	0.000	0.464	0.000	0.000	0.000	0.000	0.000	0.000	0.000
85	1.801	0.000	0.000	0.000	0.000	0.000	0.000	0.000	0.000	5.955	0.000	0.000	0.000	0.000	0.000	0.000	0.000	0.000	0.642	0.000	0.000	0.000	0.000	0.000	0.000	0.000
86	1.822	0.000	0.000	0.000	0.000	0.000	0.000	0.000	0.000	3.355	0.000	0.000	0.000	0.000	0.000	0.000	0.000	0.000	0.746	0.000	0.000	0.000	0.000	0.000	0.000	0.000
87	1.843	0.000	0.000	0.000	0.000	0.000	0.000	0.000	0.000	1.922	0.000	0.000	0.000	0.000	0.000	0.000	0.000	0.000	0.849	0.000	0.000	0.000	0.000	0.000	0.000	0.000
88	1.864	0.000	0.000	0.000	0.000	0.000	0.000	0.000	0.000	1.166	0.000	0.000	0.000	0.000	0.000	0.000	0.000	0.000	1.063	0.000	0.000	0.000	0.000	0.000	0.000	0.000
89	1.886	0.000	0.000	0.000	0.000	0.000	0.000	0.000	0.000	0.764	0.000	0.000	0.000	0.000	0.000	0.000	0.000	0.000	1.393	0.000	0.000	0.000	0.000	0.000	0.000	0.000
90	1.907	0.000	0.000	0.000	0.000	0.000	0.000	0.000	0.000	0.537	0.000	0.000	0.000	0.000	0.000	0.000	0.000	0.000	1.928	0.000	0.000	0.000	0.000	0.000	0.000	0.000
91	1.928	0.000	0.000	0.000	0.000	0.000	0.000	0.000	0.000	0.387	0.000	0.000	0.000	0.000	0.000	0.000	0.000	0.000	2.649	0.000	0.000	0.000	0.000	0.000	0.000	0.000
92	1.949	0.000	0.000	0.000	0.000	0.000	0.000	0.000	0.000	0.274	0.000	0.000	0.000	0.000	0.000	0.000	0.000	0.000	3.351	0.000	0.000	0.000	0.000	0.000	0.000	0.000
93	1.970	0.000	0.000	0.000	0.000	0.000	0.000	0.000	0.000	0.200	0.000	0.000	0.000	0.000	0.000	0.000	0.000	0.000	3.921	0.000	0.000	0.000	0.000	0.000	0.000	0.000
94	1.992	0.000	0.000	0.000	0.000	0.000	0.000	0.000	0.000	0.167	0.000	0.000	0.000	0.000	0.000	0.000	0.000	0.000	4.200	0.000	0.000	0.000	0.000	0.000	0.000	0.000
95	2.013	0.000	0.000	0.000	0.000	0.000	0.000	0.000	0.000	0.170	0.000	0.000	0.000	0.000	0.000	0.000	0.000	0.000	4.474	0.000	0.000	0.000	0.000	0.000	0.000	0.000
96	2.034	0.000	0.000	0.000	0.000	0.000	0.000	0.000	0.000	0.000	0.000	0.000	0.000	0.000	0.000	0.000	0.000	0.000	0.000	0.000	0.000	0.000	0.000	0.000	0.000	0.000
