18.568	0.073	179.08	0.053	0.386	0.176	0.149	0.13388	0.42253	0	0	0	0	0	0	0	0.79584	0	0	0	0	0	0	0	0	0	0	1	0	1	0.10655	0	0	0	0	0	0.44576	0	0	1	1	0.13388	0.42253	0.98872	0.063913	0.41411	0.96581	0.417	0.417	0	0	0	0	0	1	1	0.10655	0.44576	0.98962	0.053875	0.45344	0.96309	0.447	0.447	0	0	0	0	0	1	1	0.1071	0.44654	0.97591	0.066798	0.4626	0.97687	0.447	0.447	0	0	0	0	0	0	0	0	0	0	0	0	0	0	0	0	0	0	0	0	0	0	0	0	0	0	0	0	0	0	1	0	0	0	0	0	0
22.225	1.748	151.33	2.48	3.882	0.813	2.219	0	0	0	0	0	0	0	0	0	0	0	0	0	0	0	0	0	0	0	0	0	0	0	0.23494	0	0	0	0	0	0.31507	0	0	1	3	0	0	0	0	0	0	0	0	0.209	0.179	0.3725	0.5665	0	1	2	0.18307	0.42626	0.81655	0.23494	0.31507	0.98966	0.209	0.417	0	0	0	0	0	1	0	0	0	0	0	0	0	0	0	0	0	0	0	0	0	0	0	0	0	0	0	0	0	0	0	0	0	0	0	0	0	0	0	0	0	0	0	0	0	1	0	0	0	0	0	0
20.39	0.113	179.37	0.079	0.365	0.276	0.906	0	0	0	0	0	0	0	0	0	0	0	0	0	0	0	0	0	0	0	0	2	0	0	0	0	0	0	0	0	0	0	0	1	2	0.24846	0.40187	0.7644	0.12177	0.41781	-5.8704e+51	0.358	0.477	0	0	0	0	0	1	2	0.060904	0.46408	-0.24703	0.10347	0.42185	-0.54788	0.119	0.477	0	0	0	0	0	1	1	0.18079	0.46088	-4.0891e+50	0.081233	0.46968	0.94032	0.477	0.477	0	0	0	0	0	0	0	0	0	0	0	0	0	0	0	0	0	0	0	0	0	0	0	0	0	0	0	0	0	0	1	0	0	0	0	0	0
26.902	0.451	95.594	0.37	0.965	0.488	2.523	0	0	0	0	0	0	0	0	0	0	0	0	0	0	0	0	0	0	0	0	0	0	0	0.1515	0	0	0	0	0	0.3374	0	0	1	3	0	0	0	0	0	0	0	0	0.12	0.238	0.328	0.507	0	1	2	0.29739	0.33956	0.93829	0.1515	0.3374	0.96255	0.268	0.388	0	0	0	0	0	1	1	0.5494	0.626	0.59737	0.25823	0.49688	0.76858	0.417	0.417	0	0	0	0	0	0	0	0	0	0	0	0	0	0	0	0	0	0	0	0	0	0	0	0	0	0	0	0	0	0	1	0	0	0	0	0	0
29.314	0.13	10.571	0.17	0.706	0.306	0.484	0.1196	0.36734	0	0	0	0	0	0	0	0	1.381	0	0	0	0	0	0	0	0	0	2	1	0	0	0.16517	0	0	0	0	0	0.32347	0	1	2	0.1976	0.39648	-Inf	0.1196	0.36734	0.99791	0.328	0.417	0	0	0	0	0	1	1	0.12886	0.38034	0.89576	0.065953	0.3811	0.94627	0.358	0.358	0	0	0	0	0	1	2	0.099504	0.24605	0.58181	0.16517	0.32347	0.97512	0.239	0.388	0	0	0	0	0	0	0	0	0	0	0	0	0	0	0	0	0	0	0	0	0	0	0	0	0	0	0	0	0	0	1	0	0	0	0	0	0
29.601	0.945	25.023	0.741	1.414	0.667	0.732	0.28094	0.49475	0	0	0	0	0	0	0	0	0.52011	0	0	0	0	0	0	0	0	0	2	1	0	0	0.14612	0	0	0	0	0	0.33463	0	1	2	0.35097	0.37205	0.84498	0.28094	0.49475	0.979	0.388	0.626	0	0	0	0	0	1	3	0	0	0	0	0	0	0	0	0.06	0.447	0.149	0.4025	0	1	2	0.23276	0.35007	0.93739	0.14612	0.33463	0.99835	0.268	0.388	0	0	0	0	0	0	0	0	0	0	0	0	0	0	0	0	0	0	0	0	0	0	0	0	0	0	0	0	0	0	1	0	0	0	0	0	0
19.56	1.186	77.362	0.471	1.114	0.539	0.755	0.31731	0.32693	0	0	0	0	0	0	0	0	0.81285	0	0	0	0	0	0	0	0	0	2	1	0	0	0.25793	0	0	0	0	0	0.27258	0	1	2	0.16298	0.17375	0.17835	0.31731	0.32693	0.94406	0.149	0.507	0	0	0	0	0	1	1	0.22548	0.45611	0.94317	0.12084	0.45852	0.98115	0.477	0.477	0	0	0	0	0	1	1	0.25793	0.27258	0.99377	0.13166	0.27179	0.99265	0.268	0.268	0	0	0	0	0	0	0	0	0	0	0	0	0	0	0	0	0	0	0	0	0	0	0	0	0	0	0	0	0	0	0	0	0	0	0	0	0
27.043	1.75	67.682	0.696	1.872	0.473	2.523	0.328	0.462	0	0	0	0	0	0	0	0.17988	0	0	0	0	0	0	0	0	0	0	2	1	0	0.059	0	0	0	0	0	0.3875	0	0	1	2	0.46673	0.50031	0.40912	0.28876	0.46889	0.91775	0.298	0.626	0	0	0	0	0	1	2	0.26868	0.38037	0.89235	0.14038	0.38948	0.82447	0.358	0.417	0	0	0	0	0	1	1	0.18985	0.40144	0.91768	0.10157	0.40237	0.87596	0.388	0.388	0	0	0	0	0	0	0	0	0	0	0	0	0	0	0	0	0	0	0	0	0	0	0	0	0	0	0	0	0	0	0	0	0	0	0	0	0
20.495	1.059	154.33	0.009	0.158	0.072	0.906	0.21094	0.51529	0	0	0	0	0	0	0	1.1143	0.871	0.78169	1	0	0	0	0	0	0	0	2	1	0	0.23504	0.18373	0	0	0	0	0.5272	0.50262	0	1	2	0.16255	0.61454	0.8937	0.21094	0.51529	0.98801	0.417	0.626	0	0	0	0	0	1	2	0.3645	0.61981	0.80468	0.23504	0.5272	0.99159	0.417	0.626	0	0	0	0	0	1	2	0.14257	0.59188	0.91314	0.18373	0.50262	0.99339	0.417	0.596	0	0	0	0	0	0	0	0	0	0	0	0	0	0	0	0	0	0	0	0	0	0	0	0	0	0	0	0	0	0	0	0	0	0	0	0	0
18.486	1.737	99.338	0.029	0.209	0.179	0	0.14002	0.37422	0	0	0	0	0	0	0	0.94242	0.99387	0.94824	1	0	0	0	0	0	0	0	1	0	1	0.13196	0.13916	0	0	0	0	0.39128	0.38761	0	1	1	0.14002	0.37422	0.99466	0.068044	0.37874	0.97541	0.388	0.388	0	0	0	0	0	1	1	0.13196	0.39128	0.99392	0.075237	0.38576	0.97445	0.388	0.388	0	0	0	0	0	1	1	0.13916	0.38761	0.99718	0.077057	0.38447	0.98344	0.388	0.388	0	0	0	0	0	0	0	0	0	0	0	0	0	0	0	0	0	0	0	0	0	0	0	0	0	0	0	0	0	0	0	0	0	0	0	0	0
26.086	2.627	47.763	0.366	0.857	0.544	0.342	0	0	0	0	0	0	0	0	0	0	0	0	0	0	0	0	0	0	0	0	0	0	0	0	0.19482	0	0	0	0	0	0.38278	0	1	3	0	0	0	0	0	0	0	0	0.209	0.179	0.2835	0.4775	0	1	1	0.18605	0.42753	0.7997	0.096948	0.43253	0.67652	0.447	0.447	0	0	0	0	0	1	1	0.19482	0.38278	0.99556	0.10391	0.38353	0.98715	0.388	0.388	0	0	0	0	0	0	0	0	0	0	0	0	0	0	0	0	0	0	0	0	0	0	0	0	0	0	0	0	0	0	0	0	0	0	0	0	0
16.507	3.124	72.326	0.245	0.74	0.422	0.348	0.25053	0.35101	0	0	0	0	0	0	0	0.5967	0.5896	0.9881	0	0	0	0	0	0	0	0	2	1	0	0.14949	0.14771	0	0	0	0	0.44716	0.49294	0	1	2	0.10188	0.21696	0.26329	0.25053	0.35101	0.94252	0.209	0.507	0	0	0	0	0	1	1	0.14949	0.44716	0.99802	0.075267	0.4461	0.97808	0.447	0.447	0	0	0	0	0	1	2	0.16905	0.4284	0.98313	0.14771	0.49294	0.99318	0.417	0.567	0	0	0	0	0	0	0	0	0	0	0	0	0	0	0	0	0	0	0	0	0	0	0	0	0	0	0	0	0	0	0	0	0	0	0	0	0
23.546	4.088	65.577	0.617	1.168	0.673	0.737	0	0	0	0	0	0	0	0	0	0	0	0.93625	0	0	0	0	0	0	0	0	1	0	0	0.17528	0.18722	0	0	0	0	0.46684	0.3617	0	1	1	0.45465	0.40228	0.96393	0.23454	0.39897	0.87898	0.417	0.417	0	0	0	0	0	1	2	0.26945	0.41448	0.9708	0.17528	0.46684	0.97841	0.388	0.537	0	0	0	0	0	1	2	0.32353	0.37583	0.79259	0.18722	0.3617	0.99326	0.268	0.477	0	0	0	0	0	0	0	0	0	0	0	0	0	0	0	0	0	0	0	0	0	0	0	0	0	0	0	0	0	0	0	0	0	0	0	0	0
7.701	4.152	127.45	0.253	0.883	0.365	0.481	0.20982	0.38179	0	0	0	0	0	0	0	0.70259	0.8638	0.81337	0	0	0	0	0	0	0	0	2	1	0	0.14742	0.18124	0	0	0	0	0.4027	0.40125	0	1	2	0.33011	0.41141	0.65752	0.20982	0.38179	0.98542	0.268	0.507	0	0	0	0	0	1	1	0.14742	0.4027	0.99592	0.079131	0.40579	0.98934	0.388	0.388	0	0	0	0	0	1	1	0.18124	0.40125	0.99307	0.085396	0.37178	0.96191	0.388	0.388	0	0	0	0	0	0	0	0	0	0	0	0	0	0	0	0	0	0	0	0	0	0	0	0	0	0	0	0	0	0	0	0	0	0	0	0	0
8.649	4.657	129.82	0.234	0.654	0.455	0.169	0.26441	0.41239	0	0	0	0	0	0	0	0.81559	0	0	0	0	0	0	0	0	0	0	2	1	0	0.21565	0	0	0	0	0	0.4109	0	0	1	2	0.10601	0.27692	0.56415	0.26441	0.41239	0.97554	0.268	0.537	0	0	0	0	0	1	1	0.21565	0.4109	0.98315	0.11625	0.4147	0.98712	0.447	0.447	0	0	0	0	0	1	1	0.18338	0.42349	0.97425	0.1044	0.42607	0.99494	0.447	0.447	0	0	0	0	0	0	0	0	0	0	0	0	0	0	0	0	0	0	0	0	0	0	0	0	0	0	0	0	0	0	0	0	0	0	0	0	0
24.888	4.863	26.064	0.114	0.409	0.354	0	0.18451	0.37597	0	0	0	0	0	0	0	0.9247	1.0767	0.85887	0	0	0	0	0	0	0	0	2	1	0	0.17062	0.19866	0	0	0	0	0.37638	0.38232	0	1	2	0.27585	0.36273	0.7206	0.18451	0.37597	0.98686	0.268	0.477	0	0	0	0	0	1	1	0.17062	0.37638	0.99817	0.087836	0.38	0.99185	0.388	0.388	0	0	0	0	0	1	1	0.19866	0.38232	0.98803	0.017858	0.37416	0.90708	0.358	0.358	0	0	0	0	0	0	0	0	0	0	0	0	0	0	0	0	0	0	0	0	0	0	0	0	0	0	0	0	0	0	0	0	0	0	0	0	0
23.557	5.14	151.16	0.175	0.741	0.301	0.36	0.22364	0.40438	0	0	0	0	0	0	0	0	0.76085	0	0	0	0	0	0	0	0	0	1	0	1	0	0.17015	0	0	0	0	0	0.31144	0	1	1	0.22364	0.40438	0.985	0.0016358	0.40254	0.90992	0.388	0.388	0	0	0	0	0	1	2	0.54061	0.149	-0.33006	0.26609	0.28548	0.35454	0.149	0.417	0	0	0	0	0	1	1	0.17015	0.31144	0.9855	0.089238	0.3106	0.96261	0.298	0.298	0	0	0	0	0	0	0	0	0	0	0	0	0	0	0	0	0	0	0	0	0	0	0	0	0	0	0	0	0	0	0	0	0	0	0	0	0
23.137	5.258	109.68	0.014	0.188	0.096	0.36	0	0	0	0	0	0	0	0	0	0	0	0	1	0	0	0	0	0	0	0	1	0	0	0.26237	0	0	0	0	0	0.52482	0	0	1	1	0.50847	0.656	0.58344	0.2746	0.5187	0.80965	0.388	0.388	0	0	0	0	0	1	2	0.36374	0.656	0.75274	0.26237	0.52482	0.92843	0.388	0.656	0	0	0	0	0	1	1	0.19456	0.40386	0.73362	0.083494	0.40523	0.34952	0.417	0.417	0	0	0	0	0	0	0	0	0	0	0	0	0	0	0	0	0	0	0	0	0	0	0	0	0	0	0	0	0	0	0	0	0	0	0	0	0
14.759	5.875	53.784	0.362	1.06	0.435	0.655	0	0	0	0	0	0	0	0	0	0	0	0.85387	0	0	0	0	0	0	0	0	0	0	0	0.1564	0.18316	0	0	0	0	0.44457	0.44843	0	1	3	0	0	0	0	0	0	0	0	0.179	0.149	0.2685	0.4325	0	1	1	0.1564	0.44457	0.98957	0.081153	0.44703	0.989	0.447	0.447	0	0	0	0	0	1	1	0.18316	0.44843	0.99817	0.10176	0.44852	0.98417	0.447	0.447	0	0	0	0	0	0	0	0	0	0	0	0	0	0	0	0	0	0	0	0	0	0	0	0	0	0	0	0	0	0	0	0	0	0	0	0	0
13.277	7.591	75.853	0.368	0.94	0.499	0.581	0.15066	0.29448	0	0	0	0	0	0	0	1.5651	1.0452	0.66781	0	0	0	0	0	0	0	0	2	1	0	0.23581	0.15747	0	0	0	0	0.46274	0.46775	0	1	2	0.26751	0.31959	0.9654	0.15066	0.29448	0.99348	0.239	0.358	0	0	0	0	0	1	1	0.23581	0.46274	0.98832	0.0154	0.45955	0.93119	0.447	0.447	0	0	0	0	0	1	2	0.27024	0.45038	0.96312	0.15747	0.46775	0.99658	0.417	0.507	0	0	0	0	0	0	0	0	0	0	0	0	0	0	0	0	0	0	0	0	0	0	0	0	0	0	0	0	0	0	0	0	0	0	0	0	0
14.252	7.253	56.99	0.027	0.239	0.142	0.072	0.11554	0.40015	0	0	0	0	0	0	0	1.0033	1.1921	0.84158	1	0	0	0	0	0	0	0	1	0	1	0.11592	0.13774	0	0	0	0	0.39951	0.38232	0	1	1	0.11554	0.40015	0.99455	0.062126	0.39854	0.96908	0.388	0.388	0	0	0	0	0	1	1	0.11592	0.39951	0.99706	0.061323	0.3965	-1.6559e+46	0.388	0.388	0	0	0	0	0	1	1	0.13774	0.38232	0.99793	0.076475	0.38552	0.98375	0.388	0.388	0	0	0	0	0	0	0	0	0	0	0	0	0	0	0	0	0	0	0	0	0	0	0	0	0	0	0	0	0	0	0	0	0	0	0	0	0
24.908	7.751	115.29	0.531	1.285	0.526	0.732	0.2645	0.35056	0	0	0	0	0	0	0	0.9858	0.5125	0.51988	0	0	0	0	0	0	0	0	2	1	0	0.26074	0.13555	0	0	0	0	0.35249	0.40673	0	1	2	0.45054	0.42766	0.62046	0.2645	0.35056	0.93739	0.209	0.507	0	0	0	0	0	1	1	0.26074	0.35249	0.9835	0.13728	0.35017	0.93308	0.358	0.358	0	0	0	0	0	1	1	0.13555	0.40673	0.99953	0.068459	0.40706	0.987	0.417	0.417	0	0	0	0	0	0	0	0	0	0	0	0	0	0	0	0	0	0	0	0	0	0	0	0	0	0	0	0	0	0	0	0	0	0	0	0	0
10.736	7.886	20.837	0.672	1.808	0.474	2.625	0.24563	0.27182	0	0	0	0	0	0	0	0	0	0	0	0	0	0	0	0	0	0	2	1	0	0	0	0	0	0	0	0	0	0	1	2	0.44168	0.23853	0.75719	0.24563	0.27182	0.98435	0.149	0.417	0	0	0	0	0	1	1	0.15367	0.50325	0.97723	0.077808	0.50424	0.98054	0.507	0.507	0	0	0	0	0	1	1	0.15459	0.50645	0.86658	0.07637	0.50442	0.77026	0.507	0.507	0	0	0	0	0	0	0	0	0	0	0	0	0	0	0	0	0	0	0	0	0	0	0	0	0	0	0	0	0	0	0	0	0	0	0	0	0
13.896	7.826	67.034	0.116	0.419	0.351	0.072	0	0	0	0	0	0	0	0	0	0	0	0	0	0	0	0	0	0	0	0	1	0	0	0	0	0	0	0	0	0	0	0	1	1	0.25887	0.37451	0.94534	0.13911	0.37528	0.9588	0.328	0.328	0	0	0	0	0	1	1	0.17951	0.42297	0.9749	0.10142	0.421	0.94075	0.417	0.417	0	0	0	0	0	1	1	0.21925	0.37087	0.97614	0.11351	0.36965	0.93228	0.358	0.358	0	0	0	0	0	0	0	0	0	0	0	0	0	0	0	0	0	0	0	0	0	0	0	0	0	0	0	0	0	0	0	0	0	0	0	0	0
26.891	9.162	153.08	1.065	2.193	0.618	2.162	0	0	0	0	0	0	0	0	0	0	0	0.82026	0	0	0	0	0	0	0	0	0	0	0	0.17408	0.14279	0	0	0	0	0.45298	0.29915	0	1	4	0	0	0	0	0	0	0	0	0.119	0.119	0.2985	0.6265	0	1	1	0.17408	0.45298	0.99168	0.061675	0.47604	0.95228	0.477	0.477	0	0	0	0	0	1	1	0.14279	0.29915	0.99818	0.078074	0.29561	0.99193	0.298	0.298	0	0	0	0	0	0	0	0	0	0	0	0	0	0	0	0	0	0	0	0	0	0	0	0	0	0	0	0	0	0	0	0	0	0	0	0	0
25.481	8.893	127.33	0.221	0.99	0.285	0.625	0.15269	0.36508	0	0	0	0	0	0	0	1.0035	0.8908	0.88765	0	0	0	0	0	0	0	0	2	1	0	0.15324	0.13602	0	0	0	0	0.43428	0.44086	0	1	2	0.243	0.37672	0.83873	0.15269	0.36508	0.99668	0.298	0.447	0	0	0	0	0	1	1	0.15324	0.43428	0.99644	0.08159	0.43359	0.98998	0.447	0.447	0	0	0	0	0	1	1	0.13602	0.44086	0.99467	0.073126	0.43974	0.98593	0.417	0.417	0	0	0	0	0	0	0	0	0	0	0	0	0	0	0	0	0	0	0	0	0	0	0	0	0	0	0	0	0	0	0	0	0	0	0	0	0
9.788	8.721	20.735	0.249	0.997	0.318	2.625	0.16856	0.39109	0	0	0	0	0	0	0	0	0.92565	0	0	0	0	0	0	0	0	0	2	1	0	0	0.15603	0	0	0	0	0	0.35306	0	1	2	0.27112	0.38624	0.80438	0.16856	0.39109	0.96947	0.298	0.477	0	0	0	0	0	1	1	0.16102	0.35421	0.65435	0.083046	0.35605	0.42406	0.358	0.358	0	0	0	0	0	1	1	0.15603	0.35306	0.99565	0.084873	0.35261	0.99816	0.328	0.328	0	0	0	0	0	0	0	0	0	0	0	0	0	0	0	0	0	0	0	0	0	0	0	0	0	0	0	0	0	0	0	0	0	0	0	0	0
13.707	9.039	131.7	0.217	0.563	0.491	0.084	0	0	0	0	0	0	0	0	0	0	0	0.57024	0	0	0	0	0	0	0	0	0	0	0	0.23384	0.13334	0	0	0	0	0.45159	0.40384	0	1	3	0	0	0	0	0	0	0	0	0.179	0.149	0.3575	0.5215	0	1	1	0.23384	0.45159	0.9947	0.047107	0.43362	0.93068	0.447	0.447	0	0	0	0	0	1	2	0.23254	0.41049	0.97853	0.13334	0.40384	0.99804	0.358	0.447	0	0	0	0	0	0	0	0	0	0	0	0	0	0	0	0	0	0	0	0	0	0	0	0	0	0	0	0	0	0	0	0	0	0	0	0	0
12.261	12.032	64.528	0.446	1.546	0.368	1.284	0.17608	0.38379	0	0	0	0	0	0	0	0.9214	0.72679	0.78879	0	0	0	0	0	0	0	0	2	1	0	0.16224	0.12798	0	0	0	0	0.35105	0.31662	0	1	2	0.2655	0.37819	0.81612	0.17608	0.38379	0.99631	0.298	0.477	0	0	0	0	0	1	1	0.16224	0.35105	0.99425	0.033536	0.343	0.92926	0.328	0.328	0	0	0	0	0	1	1	0.12798	0.31662	0.9965	0.06649	0.31363	0.98575	0.298	0.298	0	0	0	0	0	0	0	0	0	0	0	0	0	0	0	0	0	0	0	0	0	0	0	0	0	0	0	0	0	0	0	0	0	0	0	0	0
29.829	11.658	154.24	0.649	1.224	0.675	0.683	0.27623	0.51788	0	0	0	0	0	0	0	0	0.70978	0	0	0	0	0	0	0	0	0	2	1	0	0	0.19606	0	0	0	0	0	0.37454	0	1	2	0.56745	0.52832	0.59404	0.27623	0.51788	0.96678	0.358	0.686	0	0	0	0	0	1	1	0.23263	0.3363	0.96062	0.1351	0.34301	0.95605	0.298	0.298	0	0	0	0	0	1	1	0.19606	0.37454	0.9893	0.096632	0.37218	0.95844	0.358	0.358	0	0	0	0	0	0	0	0	0	0	0	0	0	0	0	0	0	0	0	0	0	0	0	0	0	0	0	0	0	0	0	0	0	0	0	0	0
10.991	13.78	46.535	0.116	0.437	0.339	0.084	0.19534	0.40224	0	0	0	0	0	0	0	0.80055	0.71841	0.89739	0	0	0	0	0	0	0	0	2	1	0	0.15638	0.14033	0	0	0	0	0.41249	0.37406	0	1	2	0.27596	0.38614	0.67153	0.19534	0.40224	0.99163	0.298	0.507	0	0	0	0	0	1	1	0.15638	0.41249	0.99878	0.083163	0.41435	0.97794	0.417	0.417	0	0	0	0	0	1	2	0.22749	0.37682	0.91492	0.14033	0.37406	0.99962	0.298	0.447	0	0	0	0	0	0	0	0	0	0	0	0	0	0	0	0	0	0	0	0	0	0	0	0	0	0	0	0	0	0	0	0	0	0	0	0	0
8.66	19.647	70.174	2.105	6.588	0.407	6.853	0.20582	0.28314	0	0	0	0	0	0	0	0	0.60584	0	0	0	0	0	0	0	0	0	2	1	0	0	0.1247	0	0	0	0	0	0.45792	0	1	2	0.29109	0.32431	0.6888	0.20582	0.28314	0.99399	0.179	0.388	0	0	0	0	0	1	1	0.2017	0.41738	0.97409	0.11468	0.4193	0.99937	0.447	0.447	0	0	0	0	0	1	1	0.1247	0.45792	0.99964	0.066127	0.45838	0.99317	0.447	0.447	0	0	0	0	0	0	0	0	0	0	0	0	0	0	0	0	0	0	0	0	0	0	0	0	0	0	0	0	0	0	0	0	0	0	0	0	0
7.921	20.219	74.554	0.469	2.122	0.281	1.736	0.12671	0.35333	0	0	0	0	0	0	0	0	0	0	0	0	0	0	0	0	0	0	2	1	0	0	0	0	0	0	0	0	0	0	1	2	0.20385	0.35893	0.80392	0.12671	0.35333	0.94974	0.298	0.417	0	0	0	0	0	1	0	0	0	0	0	0	0	0	0	0	0	0	0	0	1	1	0.15669	0.41877	0.75931	0.077585	0.4194	0.59954	0.417	0.417	0	0	0	0	0	0	0	0	0	0	0	0	0	0	0	0	0	0	0	0	0	0	0	0	0	0	0	0	0	0	0	0	0	0	0	0	0
6.206	26.331	67.935	0.489	1.751	0.356	1.361	0.18759	0.41029	0	0	0	0	0	0	0	0.81777	0.67369	0.82382	0	0	0	0	0	0	0	0	2	1	0	0.1534	0.12638	0	0	0	0	0.39436	0.38986	0	1	2	0.27282	0.40904	0.68535	0.18759	0.41029	0.99128	0.298	0.507	0	0	0	0	0	1	1	0.1534	0.39436	0.99547	0.082952	0.39035	0.9868	0.388	0.388	0	0	0	0	0	1	2	0.23452	0.38186	0.96338	0.12638	0.38986	0.98974	0.358	0.447	0	0	0	0	0	0	0	0	0	0	0	0	0	0	0	0	0	0	0	0	0	0	0	0	0	0	0	0	0	0	0	0	0	0	0	0	0
5.532	28.661	0	0.015	0.142	0.136	0	0.11867	0.37852	0	0	0	0	0	0	0	1.0218	1.0216	0.99976	1	0	0	0	0	0	0	0	1	0	1	0.12126	0.12123	0	0	0	0	0.37521	0.38022	0	1	1	0.11867	0.37852	0.99649	0.063398	0.37894	0.97654	0.388	0.388	0	0	0	0	0	1	1	0.12126	0.37521	0.99682	0.064218	0.37626	0.97517	0.388	0.388	0	0	0	0	0	1	1	0.12123	0.38022	0.99704	0.064128	0.37991	0.9783	0.388	0.388	0	0	0	0	0	0	0	0	0	0	0	0	0	0	0	0	0	0	0	0	0	0	0	0	0	0	0	0	0	0	0	0	0	0	0	0	0
4.967	30.463	4.694	0.027	0.218	0.155	0.06	0.08462	0.38572	0	0	0	0	0	1	0	0.9968	0.95528	0.95834	1	0	0	0	0	0	0	0	1	0	1	0.084349	0.080835	0	0	0	0	0.38652	0.39529	0	1	1	0.08462	0.38572	0.99346	0.043232	0.38796	0.97415	0.388	0.388	0	0	0	0	0	1	1	0.084349	0.38652	0.99379	0.040484	0.38881	0.97717	0.388	0.388	0	0	0	0	0	1	1	0.080835	0.39529	0.99338	0.044233	0.39237	-3.4399e+45	0.388	0.388	0	0	0	0	0	0	0	0	0	0	0	0	0	0	0	0	0	0	0	0	0	0	0	0	0	0	0	0	0	0	0	0	0	0	0	0	0
0	0	0	0	0	0	0	0	0	0	0	0	0	0	0	0	0	0	0	0	0	0	0	0	0	0	0	0	0	0	0	0	0	0	0	0	0	0	0	0	0	0	0	0	0	0	0	0	0	0	0	0	0	0	0	0	0	0	0	0	0	0	0	0	0	0	0	0	0	0	0	0	0	0	0	0	0	0	0	0	0	0	0	0	0	0	0	0	0	0	0	0	0	0	0	0	0	0	0	0	0	0	0	0	0	0	0	0	0	0	0	0	0	0	0	0
0	0	0	0	0	0	0	0	0	0	0	0	0	0	0	0	0	0	0	0	0	0	0	0	0	0	0	0	0	0	0	0	0	0	0	0	0	0	0	0	0	0	0	0	0	0	0	0	0	0	0	0	0	0	0	0	0	0	0	0	0	0	0	0	0	0	0	0	0	0	0	0	0	0	0	0	0	0	0	0	0	0	0	0	0	0	0	0	0	0	0	0	0	0	0	0	0	0	0	0	0	0	0	0	0	0	0	0	0	0	0	0	0	0	0	0
0	0	0	0	0	0	0	0	0	0	0	0	0	0	0	0	0	0	0	0	0	0	0	0	0	0	0	0	0	0	0	0	0	0	0	0	0	0	0	0	0	0	0	0	0	0	0	0	0	0	0	0	0	0	0	0	0	0	0	0	0	0	0	0	0	0	0	0	0	0	0	0	0	0	0	0	0	0	0	0	0	0	0	0	0	0	0	0	0	0	0	0	0	0	0	0	0	0	0	0	0	0	0	0	0	0	0	0	0	0	0	0	0	0	0	0
0	0	0	0	0	0	0	0	0	0	0	0	0	0	0	0	0	0	0	0	0	0	0	0	0	0	0	0	0	0	0	0	0	0	0	0	0	0	0	0	0	0	0	0	0	0	0	0	0	0	0	0	0	0	0	0	0	0	0	0	0	0	0	0	0	0	0	0	0	0	0	0	0	0	0	0	0	0	0	0	0	0	0	0	0	0	0	0	0	0	0	0	0	0	0	0	0	0	0	0	0	0	0	0	0	0	0	0	0	1	0	0	0	0	0	0
