 	x	1	2	3	4	5	6	7	8	9	10	11	12	13	14	15	16	17	18	19	20	21
1	0.030	0.000	2.692	6.099	0.126	0.000	5.823	1.444	2.433	0.240	0.000	0.000	1.962	0.000	0.000	0.000	0.000	0.000	0.283	0.000	0.000	0.000
2	0.060	0.000	2.750	6.523	0.183	0.000	6.054	1.781	2.205	0.153	0.000	5.239E-4	2.134	0.000	0.000	0.000	0.000	0.000	0.334	0.000	0.000	0.000
3	0.089	0.000	3.038	7.106	0.180	0.000	5.586	2.206	2.106	0.147	0.000	0.086	2.271	0.000	0.000	0.000	0.000	0.028	0.519	0.000	0.000	0.000
4	0.119	0.000	3.275	7.737	0.145	0.000	4.888	2.533	2.590	0.183	0.000	0.267	2.462	0.000	0.015	0.000	1.718E-4	0.359	0.926	0.000	0.059	0.000
5	0.149	0.000	3.368	8.353	0.170	0.000	4.804	2.706	3.713	0.167	0.000	0.465	2.876	0.000	0.082	0.000	0.024	0.724	1.544	0.000	0.199	0.000
6	0.179	0.000	3.539	8.179	0.304	0.000	5.127	3.182	4.855	0.113	0.000	0.535	3.398	0.000	0.313	0.000	0.133	1.084	1.756	0.000	0.213	0.000
7	0.209	0.000	3.915	6.891	0.496	0.000	5.872	4.189	5.752	0.126	0.000	0.690	4.156	0.000	0.727	0.000	0.558	1.207	1.519	0.000	0.375	0.000
8	0.239	0.000	4.357	5.509	0.674	0.000	6.798	5.226	6.669	0.269	0.000	0.775	5.486	0.000	1.731	0.000	1.346	1.182	1.157	0.032	0.801	0.000
9	0.268	0.000	4.783	4.942	0.894	0.000	7.345	6.294	7.547	0.551	0.000	0.810	6.533	0.000	3.737	0.000	2.078	1.033	0.892	0.162	1.324	0.000
10	0.298	0.000	5.321	5.390	1.922	0.000	7.597	7.454	8.272	0.684	0.000	0.776	7.361	0.000	5.433	0.000	2.374	0.999	0.841	0.240	1.575	0.000
11	0.328	0.000	5.762	6.608	3.055	0.000	7.375	8.804	8.728	0.621	0.000	0.800	8.004	0.000	5.761	0.000	2.458	1.153	0.966	0.246	1.342	0.000
12	0.358	0.000	6.291	7.939	3.711	0.000	7.127	9.827	8.860	0.707	0.000	0.967	8.385	0.000	5.327	0.000	3.071	1.441	1.101	0.272	0.923	0.000
13	0.388	0.000	7.019	8.823	4.024	0.000	6.840	10.335	9.022	1.388	0.000	1.245	8.642	0.000	5.023	0.000	4.460	1.694	1.091	0.392	0.756	0.000
14	0.417	0.000	7.908	9.257	3.922	0.000	6.746	10.751	9.804	2.496	0.000	1.475	9.061	0.000	4.597	0.000	6.559	1.845	0.913	0.581	0.826	0.000
15	0.447	0.000	9.010	9.580	3.740	0.000	6.710	11.468	11.110	2.844	0.052	1.658	9.788	0.000	4.003	0.000	8.490	1.993	0.728	0.834	1.030	0.000
16	0.477	0.161	10.248	9.801	3.645	0.000	6.665	12.862	12.240	2.053	0.953	2.339	10.779	0.000	3.569	0.377	9.393	2.250	0.651	1.325	1.292	0.000
17	0.507	5.411	11.330	9.575	3.626	0.000	6.622	14.604	12.426	2.372	1.821	4.282	11.784	0.000	3.520	1.196	8.889	2.611	0.629	2.174	1.457	1.468
18	0.537	6.342	12.186	9.094	3.648	0.000	6.896	15.226	11.830	3.608	2.057	7.196	12.684	6.466E-6	3.831	2.335	7.572	3.197	0.616	2.862	1.614	1.240
19	0.567	7.122	12.836	8.644	3.760	0.000	7.300	13.756	11.244	3.803	2.259	8.651	12.740	3.999E-4	4.413	3.597	6.357	4.019	0.655	2.830	2.026	1.174
20	0.596	6.710	13.296	8.140	4.172	0.000	7.345	11.565	11.187	4.034	2.074	7.683	11.754	0.007	5.392	5.055	5.715	4.791	0.891	2.415	2.770	1.227
21	0.626	5.255	13.471	7.838	4.920	0.000	6.766	10.186	11.445	4.065	1.695	6.079	10.428	0.017	6.484	5.716	5.468	5.175	1.308	2.162	3.493	1.435
22	0.656	4.211	13.311	8.085	5.852	0.000	6.104	9.554	11.192	3.797	1.411	5.217	9.544	0.008	7.358	5.592	5.433	5.448	1.794	2.174	3.866	1.956
23	0.686	3.961	12.720	8.537	6.958	0.000	5.866	9.152	10.254	3.732	1.151	5.638	9.043	0.002	7.655	5.299	5.510	5.981	2.318	2.361	3.946	2.602
24	0.716	4.233	11.610	8.560	8.119	0.000	6.137	8.934	9.031	3.584	0.966	6.908	8.457	0.014	7.578	5.181	5.887	6.936	2.867	2.862	4.058	2.654
25	0.745	4.589	10.439	8.287	8.909	0.000	6.680	8.783	7.827	3.133	1.107	8.079	7.757	0.044	7.609	5.032	6.572	7.877	3.490	3.562	4.442	2.072
26	0.775	4.439	9.739	8.012	9.025	0.000	7.209	8.743	6.755	2.780	1.691	8.673	7.263	0.100	7.617	4.615	7.193	8.089	4.221	4.068	5.045	1.456
27	0.805	4.008	9.676	7.225	8.591	0.000	7.532	9.011	6.159	3.061	2.348	8.519	7.048	0.229	7.525	4.104	7.642	7.717	4.754	4.530	5.811	1.330
28	0.835	3.765	10.053	5.816	8.034	0.368	7.804	9.446	6.135	4.101	2.288	7.893	6.731	0.539	7.474	3.924	8.106	7.316	4.838	5.317	6.266	1.852
29	0.865	3.692	10.571	4.637	7.689	1.624	8.227	9.791	6.574	5.803	1.794	7.378	6.067	1.212	7.851	4.401	8.695	6.914	4.761	6.405	5.798	2.517
30	0.895	3.715	10.712	4.175	7.715	3.977	8.760	10.007	7.092	7.168	1.635	7.060	5.271	2.215	8.280	5.631	9.209	6.463	4.607	7.370	4.760	2.269
31	0.924	3.975	10.280	4.539	8.089	6.330	9.025	10.186	7.326	7.199	1.883	6.644	4.738	3.025	8.058	7.619	9.719	6.111	4.594	7.837	4.034	1.444
32	0.954	4.466	9.612	5.541	8.523	7.684	9.087	10.436	7.148	6.060	2.324	6.200	4.465	3.307	7.036	9.657	10.344	6.006	4.767	7.599	3.877	0.971
33	0.984	4.976	9.147	6.211	8.766	7.433	8.999	10.726	6.832	4.939	2.858	6.054	4.324	3.365	5.726	10.536	11.273	6.093	4.834	6.730	3.972	0.930
34	1.014	5.978	8.927	5.895	9.027	7.168	8.730	10.682	6.623	4.589	3.604	6.375	4.132	3.376	4.687	10.349	12.236	6.060	4.565	5.583	4.033	1.280
35	1.044	8.610	8.754	5.653	9.594	6.773	8.329	10.008	6.514	5.320	4.206	7.181	3.872	3.317	4.360	10.917	12.721	5.767	4.344	4.586	4.040	1.886
36	1.073	11.931	8.474	7.010	9.816	6.368	8.271	9.053	6.371	6.845	4.027	8.229	3.580	3.402	4.594	12.502	12.441	5.319	4.322	3.821	3.942	2.160
37	1.103	9.175	8.155	9.764	9.793	6.123	8.729	8.396	6.080	7.733	3.252	8.787	3.372	3.778	5.018	13.078	11.534	4.862	4.414	3.289	3.740	1.770
38	1.133	3.903	7.933	7.947	9.412	6.055	9.413	8.174	5.625	7.160	2.537	8.415	3.295	4.010	5.402	12.057	10.560	4.416	4.448	2.894	3.617	1.356
39	1.163	0.000	7.882	3.935	9.543	5.934	9.468	8.071	5.045	5.838	2.244	7.345	3.325	3.740	5.769	10.902	10.006	4.006	4.318	2.655	3.697	1.402
40	1.193	0.000	7.872	0.000	10.191	5.694	8.681	7.781	4.565	4.931	2.371	5.561	3.422	3.632	6.089	10.561	10.024	3.862	4.159	2.594	3.976	2.004
41	1.223	0.000	7.620	0.000	10.265	5.462	7.411	7.345	4.201	4.709	2.684	3.529	3.500	4.293	6.228	10.827	10.221	3.820	4.157	2.520	4.238	2.929
42	1.252	0.000	6.986	0.000	9.387	5.348	6.301	6.856	3.807	4.987	2.968	2.121	3.385	5.576	6.650	11.956	10.150	3.716	4.576	2.589	4.151	3.740
43	1.282	0.000	6.126	0.000	8.491	5.385	5.454	6.356	3.343	5.592	3.300	1.314	3.097	6.350	7.855	13.112	9.904	3.615	5.234	2.953	3.456	4.229
44	1.312	0.000	5.411	0.000	8.311	5.368	5.015	6.026	3.002	6.061	3.918	0.790	2.917	5.495	9.690	12.920	9.809	3.619	5.374	3.465	2.179	4.121
45	1.342	0.000	4.950	0.000	8.573	5.249	4.836	6.069	2.931	5.788	4.727	0.486	3.073	3.546	11.512	11.870	9.930	3.785	4.504	4.371	1.001	3.461
46	1.372	0.000	4.700	0.000	8.539	5.209	4.557	6.152	3.043	5.003	5.339	0.381	3.481	1.977	12.436	11.005	9.915	3.878	3.238	6.589	0.390	3.038
47	1.401	0.000	4.544	0.000	7.772	5.356	3.940	5.774	3.340	4.464	5.330	0.438	3.879	1.179	12.019	10.990	9.531	3.472	2.353	10.336	0.167	3.296
48	1.431	0.000	4.360	0.000	7.344	5.743	3.062	5.081	4.011	4.095	4.882	0.606	4.122	0.869	10.713	10.743	8.490	2.507	1.876	13.964	0.074	3.237
49	1.461	0.000	4.108	0.000	7.007	6.280	2.222	4.576	4.847	3.411	4.604	0.784	4.216	0.875	9.472	9.407	6.715	1.555	1.475	14.797	0.022	2.116
50	1.491	0.000	3.838	0.000	6.473	6.671	1.661	4.474	5.352	2.423	4.913	0.792	4.382	1.133	8.786	7.803	4.640	0.993	1.091	12.690	0.003	1.204
51	1.521	0.000	3.663	0.000	5.749	6.671	1.411	4.741	5.403	1.872	5.734	0.543	4.705	1.621	8.484	7.015	2.910	0.736	0.686	9.856	1.986E-4	0.882
52	1.551	0.000	3.561	0.000	5.123	6.384	1.452	5.111	5.260	1.579	6.276	0.362	4.887	2.051	8.470	7.398	1.803	0.600	0.329	7.606	2.246E-6	0.000
53	1.580	0.000	3.575	0.000	4.819	6.238	1.608	5.346	5.023	1.176	6.004	0.307	4.672	1.846	8.404	7.602	1.278	0.445	0.140	6.122	6.677E-7	0.000
54	1.610	0.000	3.616	0.000	4.876	6.434	1.607	5.398	4.847	0.822	5.536	0.320	4.166	1.106	8.087	6.421	1.048	0.295	0.074	5.229	4.046E-7	0.000
55	1.640	0.000	3.478	0.000	4.961	6.720	1.332	5.091	4.903	0.686	5.403	0.345	3.895	0.592	7.481	4.816	0.894	0.213	0.047	4.615	0.000	0.000
56	1.670	0.000	3.138	0.000	4.582	6.926	0.978	4.460	5.277	0.701	5.624	0.337	3.932	0.352	6.840	4.219	0.715	0.216	0.020	3.929	5.377E-8	0.000
57	1.700	0.000	2.776	0.000	3.825	7.392	0.679	4.013	5.831	0.669	6.043	0.328	4.183	0.181	6.367	5.118	0.510	0.250	0.003	3.092	8.603E-7	0.000
58	1.729	0.000	2.383	0.000	3.191	8.293	0.517	4.066	5.531	0.491	6.582	0.338	4.581	0.067	6.115	7.534	0.338	0.220	2.630E-4	2.353	3.573E-7	0.000
59	1.759	0.000	2.053	0.000	2.819	9.126	0.492	4.281	3.747	0.246	7.031	0.359	4.915	0.013	6.079	9.992	0.206	0.104	0.002	1.973	2.693E-7	0.000
60	1.789	0.000	1.791	0.000	2.188	9.292	0.495	3.879	3.645	0.129	7.132	0.363	4.898	0.001	5.955	11.100	0.125	0.030	0.007	1.964	0.000	0.000
61	1.819	0.000	1.572	0.000	2.444	8.691	0.516	3.448	4.085	0.125	6.909	0.301	4.676	5.273E-5	5.351	11.610	0.067	0.002	0.006	2.195	0.000	0.000
62	1.849	0.000	1.337	0.000	2.858	7.784	0.485	3.275	4.077	0.170	6.564	0.212	4.787	6.366E-7	4.075	12.890	0.037	0.003	0.006	2.486	0.000	0.000
63	1.879	0.000	0.983	0.000	3.086	7.172	0.400	3.199	3.440	0.147	6.288	0.158	5.286	4.465E-8	2.732	15.348	0.021	0.011	0.006	2.669	0.000	0.000
64	1.908	0.000	0.691	0.000	3.051	6.896	0.312	3.166	1.794	0.052	6.223	0.109	6.070	0.000	1.782	17.878	0.007	0.008	4.972E-4	2.702	0.000	0.000
65	1.938	0.000	0.516	0.000	2.746	6.545	0.229	3.132	0.410	0.018	6.508	0.052	6.768	0.000	1.318	18.832	8.343E-4	9.278E-4	9.521E-8	2.736	0.000	0.000
66	1.968	0.000	0.455	0.000	2.377	6.106	0.140	3.424	0.372	0.027	7.077	0.022	6.996	0.000	1.167	17.882	9.633E-5	2.851E-5	0.000	2.648	0.000	0.000
67	1.998	0.000	0.393	0.000	1.944	5.830	0.020	4.048	0.518	0.024	7.314	0.011	6.898	0.000	1.115	16.170	3.090E-6	2.343E-7	0.000	2.209	0.000	0.000
68	2.028	0.000	0.316	0.000	1.611	5.699	0.000	4.810	0.000	0.030	0.000	0.003	6.894	0.000	1.070	14.938	0.000	0.000	0.000	1.697	0.000	0.000
69	0.000	0.000	0.000	0.000	0.000	0.000	0.000	0.000	0.000	0.000	0.000	0.000	0.000	0.000	0.000	14.823	0.000	0.000	0.000	0.000	0.000	0.000
