 	x	1	2	3	4	5	6	7	8	9	10	11	12	13	14	15	16	17	18	19	20	21	22	23	24	25	26	27	28	29	30	31
1	0.030	0.000	0.000	0.000	0.000	0.000	0.000	1.081E-4	0.000	0.000	0.000	0.000	0.000	0.000	42.460	31.344	0.000	0.000	0.000	0.000	4.888	0.000	0.000	24.734	0.000	12.035	11.983	18.315	0.000	6.856	11.142	10.304
2	0.060	0.000	0.000	0.000	0.000	0.000	0.000	0.000	0.000	0.000	0.000	0.000	0.000	0.000	44.175	23.035	0.000	0.000	0.000	0.000	2.527	0.000	0.000	21.280	0.000	13.981	9.186	15.569	0.000	7.811	3.571	9.460
3	0.090	0.000	0.000	0.000	0.000	0.000	0.000	0.000	0.000	0.000	0.000	0.000	0.000	0.000	40.402	14.783	0.000	0.000	0.000	0.000	1.739	0.000	0.000	15.273	0.000	13.833	6.488	14.366	0.000	7.741	2.103	7.762
4	0.120	0.000	0.000	0.000	0.000	0.000	0.000	0.000	0.000	0.000	0.000	0.000	0.000	0.000	32.649	8.001	0.000	0.000	0.000	0.000	0.084	0.000	0.000	2.623	0.000	11.751	1.430	16.223	0.000	5.736	0.000	5.422
5	0.150	0.000	0.000	0.000	0.000	0.000	0.000	0.000	0.000	0.106	0.000	0.000	0.000	0.000	23.624	2.404	0.000	0.000	0.000	0.000	0.000	0.000	0.000	1.498	0.053	8.817	0.000	20.409	0.000	1.279	0.000	3.686
6	0.180	0.000	0.000	0.000	0.000	0.000	0.000	0.282	0.000	3.148	0.000	0.000	0.001	2.919	13.835	0.196	0.000	0.000	0.000	0.894	0.279	0.647	0.000	3.824	2.264	5.873	0.120	25.321	0.000	0.000	0.759	0.521
7	0.210	0.000	0.000	0.000	0.000	0.011	0.000	3.282	0.000	7.830	0.038	0.099	0.688	19.955	4.395	1.752	0.000	0.000	0.649	3.319	9.771	6.560	0.000	6.485	4.585	3.840	2.730	29.342	0.000	0.190	3.235	0.000
8	0.240	0.000	0.000	0.000	0.057	0.768	0.019	7.083	0.098	14.550	0.935	2.580	2.797	22.765	0.067	3.863	0.120	0.000	4.715	9.466	15.213	16.760	0.275	16.110	7.287	2.494	8.415	32.776	0.056	6.285	7.077	1.742
9	0.271	0.000	0.563	0.308	1.110	3.149	1.452	14.573	3.082	22.565	4.288	5.741	5.684	25.821	0.000	7.800	6.461	0.071	10.288	20.580	22.774	30.694	2.482	25.498	11.051	1.794	16.375	35.281	1.777	13.239	12.460	5.946
10	0.301	0.000	2.766	2.869	4.224	8.066	5.683	26.263	7.452	27.479	10.222	12.067	10.390	32.664	0.000	14.863	13.283	3.193	18.390	31.055	31.259	40.123	7.211	34.263	13.914	3.080	25.532	35.073	4.183	21.286	19.005	13.130
11	0.331	0.000	7.390	9.171	8.792	17.492	11.141	36.230	16.782	27.545	16.530	21.701	14.257	39.642	0.000	22.152	21.566	7.851	27.167	38.867	38.401	41.014	14.063	41.689	14.624	5.806	29.982	31.733	8.422	30.065	23.228	21.614
12	0.361	0.000	14.809	18.710	14.287	27.896	16.366	39.602	25.369	24.744	18.627	30.337	15.118	42.719	0.000	25.421	27.229	17.564	31.816	41.070	41.017	35.832	18.939	44.907	13.428	9.977	28.751	27.623	12.812	35.885	22.798	29.228
13	0.391	0.000	20.495	26.283	18.398	33.133	18.539	37.825	28.106	19.929	18.791	34.276	13.784	42.217	0.462	22.575	27.634	26.986	31.321	37.399	38.701	31.557	19.837	45.597	10.964	11.231	24.799	23.762	15.347	36.407	21.102	33.498
14	0.421	0.042	22.216	28.539	20.497	29.781	18.774	33.022	26.367	13.668	19.235	31.820	12.166	40.420	10.192	14.194	24.283	22.827	27.983	31.020	33.049	29.504	19.586	45.659	7.738	8.246	20.756	20.298	14.807	32.165	21.058	34.365
15	0.451	2.121	19.368	26.918	19.470	20.555	16.807	26.124	23.895	7.724	17.414	23.068	10.683	37.249	22.965	6.358	18.394	7.671	21.835	26.724	28.013	28.781	18.289	42.936	3.539	4.597	16.028	17.318	11.772	27.412	21.565	31.724
16	0.481	5.153	12.874	22.777	15.371	10.707	12.178	17.986	20.813	3.509	11.773	12.682	10.651	31.628	28.939	2.662	11.216	4.597	14.767	26.524	22.313	28.857	14.640	33.887	0.085	2.406	10.240	15.291	7.513	24.748	21.639	21.569
17	0.511	10.341	5.909	16.237	9.088	4.284	7.169	10.531	16.479	0.164	5.751	5.602	11.366	22.747	34.972	1.165	5.442	0.000	9.567	28.904	15.675	30.673	9.068	19.720	1.183	1.278	5.772	12.302	3.671	22.473	22.112	13.482
18	0.541	15.032	2.074	8.664	4.267	1.303	3.295	5.106	10.534	0.000	1.654	2.091	10.788	12.586	39.953	0.035	0.418	0.000	5.701	31.420	0.385	32.077	3.687	8.832	5.306	0.149	2.652	9.401	1.423	6.730	23.613	8.348
19	0.571	17.312	0.131	3.715	1.212	0.032	0.453	0.815	5.239	0.000	0.035	0.030	5.426	2.289	42.539	0.000	0.000	0.000	0.298	33.197	0.000	29.969	0.199	2.126	11.083	0.000	3.471	4.811	0.264	15.188	14.402	4.995
20	0.601	18.877	0.008	0.443	0.017	0.000	0.000	0.000	0.135	0.000	0.000	0.000	2.087	0.000	44.498	0.000	0.000	0.000	0.000	33.974	0.000	22.007	0.000	0.000	18.974	0.000	4.910	1.776	0.000	21.337	0.412	0.000
21	0.631	20.724	0.000	0.000	0.000	0.000	0.000	0.000	1.337	0.000	0.000	0.000	0.690	0.000	47.060	0.000	0.000	0.000	2.098	31.062	0.693	11.552	0.000	0.000	25.341	0.000	6.248	0.550	0.000	25.048	6.075	0.000
22	0.661	20.643	0.000	0.000	0.000	0.000	0.000	0.000	4.492	0.000	0.000	0.000	0.000	0.000	48.793	0.000	0.000	0.000	5.258	21.416	27.575	2.935	0.000	0.000	27.384	0.000	9.066	0.000	0.000	30.762	15.138	0.000
23	0.691	16.331	0.000	0.000	0.000	0.000	0.000	0.000	8.592	0.000	0.000	0.000	0.000	0.000	48.616	0.000	0.000	0.000	10.976	10.573	30.689	0.000	0.000	0.000	25.747	0.000	12.800	0.000	0.000	32.715	20.331	0.000
24	0.721	10.160	0.000	0.000	0.000	0.000	0.000	0.000	14.595	0.000	0.000	0.000	0.000	0.000	46.686	0.000	0.000	0.000	25.769	4.301	33.246	0.000	0.000	0.000	23.949	0.000	17.668	0.000	0.000	28.190	27.870	0.000
25	0.752	4.847	0.000	0.000	0.000	0.000	0.000	0.000	21.678	0.000	0.000	0.000	0.000	0.000	44.729	0.000	0.000	0.000	30.640	0.840	37.580	0.000	0.000	0.000	21.260	0.000	22.836	0.000	0.000	20.472	27.003	0.000
26	0.000	0.000	0.000	0.000	0.000	0.000	0.000	0.000	28.726	0.000	0.000	0.000	0.000	0.000	0.000	0.000	0.000	0.000	31.052	0.000	43.169	0.000	0.000	0.000	16.086	0.000	25.843	0.000	0.000	0.000	0.000	0.000
