 	x	1	2	3	4	5	6	7	8	9	10	11	12	13	14	15	16	17	18	19	20	21	22	23	24	25	26	27	28	29	30	31	32	33	34	35	36	37	38	39	40	41	42	43	44	45	46	47	48	49
1	0.030	7.487	42.200	25.705	0.000	27.381	58.893	0.000	0.000	0.000	0.000	0.000	0.000	40.311	0.000	85.765	74.631	0.000	0.000	109.300	0.000	0.000	0.000	1.744	39.384	75.133	51.413	115.124	4.388	21.485	0.000	66.941	0.000	0.000	0.000	0.000	77.631	0.000	0.000	0.000	57.155	0.000	0.000	0.000	0.000	0.000	0.000	0.000	0.000	62.550
2	0.060	0.521	57.279	22.356	0.000	15.516	69.979	0.000	0.000	0.000	0.000	0.000	0.000	38.460	0.000	80.116	82.314	0.000	0.000	106.900	0.000	0.000	0.044	0.000	49.164	82.942	45.107	106.950	0.000	13.877	0.000	54.821	0.000	0.000	0.000	0.000	71.394	0.000	0.000	0.000	34.704	0.000	0.000	0.000	0.000	0.000	0.000	0.000	0.000	62.154
3	0.090	0.000	70.053	15.220	0.000	3.172	72.290	0.000	0.000	0.000	0.000	0.000	0.000	35.547	0.000	65.619	85.653	0.000	0.000	102.300	0.000	0.000	3.896	0.000	55.904	83.225	36.975	97.597	0.000	9.165	0.000	39.219	0.000	0.000	0.000	0.000	60.306	0.000	0.000	0.000	19.733	0.000	0.000	0.000	0.000	0.000	0.000	0.000	0.000	55.408
4	0.120	0.814	74.470	9.700	0.000	0.000	65.872	0.000	0.000	0.000	0.000	0.000	0.000	31.135	0.000	45.255	85.783	0.000	0.000	95.900	0.000	0.000	15.324	0.000	59.807	74.802	25.776	89.414	0.000	4.151	0.020	24.072	0.000	0.000	0.000	8.047	46.228	0.000	0.000	0.000	3.409	0.000	0.000	0.000	0.000	0.000	0.000	0.000	0.000	42.799
5	0.150	6.764	66.599	5.003	0.000	0.000	55.505	0.000	0.000	0.000	0.000	0.000	0.000	23.811	0.000	28.086	83.618	0.000	0.000	86.500	0.000	0.000	34.616	0.000	66.703	59.377	16.675	80.372	0.000	0.491	4.585	11.264	0.000	0.000	0.132	27.015	32.593	0.000	0.000	0.000	0.000	0.000	0.000	0.000	0.000	0.000	0.000	0.000	0.000	28.355
6	0.180	14.985	48.878	2.503	0.000	0.592	45.528	0.000	0.000	0.000	0.000	0.000	0.000	15.406	0.390	15.121	78.527	0.000	0.000	75.200	0.000	0.000	50.104	0.000	76.481	46.107	9.991	68.352	0.000	0.000	11.995	2.724	0.679	0.000	8.308	48.432	20.548	0.000	0.000	0.000	0.000	0.000	0.000	1.308	0.000	0.000	0.000	0.000	0.000	17.660
7	0.210	28.943	29.593	0.000	0.000	10.028	37.664	0.000	0.600	0.140	0.000	0.000	0.000	9.857	2.667	1.318	69.280	0.000	0.000	65.200	1.160	0.000	60.944	0.000	86.819	45.621	10.156	54.716	0.000	0.585	23.001	0.000	10.695	0.378	27.651	72.303	2.380	0.020	0.000	0.000	0.000	0.000	0.000	1.892	0.056	0.000	0.000	0.000	0.000	8.892
8	0.240	47.097	16.270	0.873	0.000	18.607	30.283	0.000	4.792	4.100	0.000	0.000	0.000	9.928	5.499	0.000	53.833	0.012	0.085	60.700	7.206	0.140	67.388	0.048	95.504	57.835	20.600	47.966	0.000	5.070	36.373	2.822	22.618	6.757	47.626	90.936	0.000	4.171	0.565	0.252	1.726	0.707	0.000	5.930	1.926	0.000	0.000	0.000	0.000	0.666
9	0.270	61.883	8.037	7.916	0.000	29.551	19.751	0.000	16.348	8.821	0.000	0.000	0.509	11.990	8.935	1.840	20.533	0.648	2.369	8.100	17.914	1.995	71.520	9.751	101.850	72.860	34.079	50.580	1.084	9.823	48.035	10.600	38.035	19.550	71.811	100.013	0.958	9.110	2.391	3.408	6.577	6.250	15.428	13.909	6.320	0.000	0.000	0.000	0.000	5.985
10	0.300	69.639	2.862	20.993	0.000	46.464	16.611	19.400	34.052	14.132	1.233	0.000	3.238	19.194	12.388	17.857	30.433	2.500	7.682	65.400	32.807	4.840	73.148	17.500	101.542	76.793	46.069	60.695	11.026	18.182	51.876	14.440	58.026	30.802	93.629	102.061	11.417	15.974	6.007	7.819	10.309	8.883	20.649	30.239	18.576	29.900	1.193	0.000	0.000	11.577
11	0.330	67.722	0.142	37.066	55.800	62.891	20.667	29.700	48.996	21.762	9.114	3.027	6.313	29.068	15.241	29.676	49.131	7.788	20.143	69.000	46.293	11.424	68.432	29.491	89.813	67.584	50.740	70.834	19.708	31.372	46.616	16.058	74.984	46.400	110.945	99.216	19.060	28.545	12.954	15.537	15.629	11.980	25.447	48.699	44.682	45.800	11.207	5.037	5.787	17.836
12	0.361	58.505	0.000	50.697	55.800	72.615	30.706	45.600	54.724	31.004	18.581	8.872	11.718	36.621	17.205	34.521	72.817	19.232	32.596	70.500	53.873	24.203	53.844	45.824	69.890	58.288	46.277	71.585	29.201	43.474	34.589	17.426	83.493	62.929	122.219	88.480	27.544	44.989	22.431	26.949	21.115	13.996	36.690	70.986	75.802	60.500	20.560	9.920	13.440	23.355
13	0.391	41.844	0.000	58.842	48.000	72.352	45.098	57.100	55.136	41.146	27.278	18.471	16.283	36.397	18.325	34.041	78.953	30.096	33.720	62.600	54.006	37.274	34.864	59.195	52.235	53.982	33.014	56.900	33.459	48.282	21.994	19.176	82.378	74.500	123.517	67.785	31.610	53.887	29.329	36.379	23.457	13.780	51.940	88.886	96.214	66.900	34.630	11.396	17.996	24.153
14	0.421	24.541	0.000	61.257	27.100	62.060	56.358	54.400	50.544	47.540	27.636	33.427	20.266	28.658	17.718	28.217	79.498	32.968	27.637	58.400	45.765	43.069	18.992	61.158	45.125	58.510	18.816	36.656	27.082	41.546	10.861	22.013	73.819	74.544	111.159	42.838	26.808	50.431	27.431	38.855	21.214	12.266	63.243	96.583	92.315	64.700	54.205	11.778	25.831	19.178
15	0.451	9.538	0.000	55.282	15.500	46.162	58.160	39.500	39.796	45.990	20.817	50.181	23.535	20.124	14.899	19.877	74.927	25.460	17.742	52.200	32.312	36.956	5.164	49.051	50.192	66.093	8.243	20.532	16.475	28.111	2.622	24.721	57.404	60.936	88.797	23.343	16.199	36.105	19.944	32.610	15.692	10.588	67.807	93.110	66.476	59.500	74.225	3.093	24.052	11.472
16	0.481	1.215	0.000	44.059	12.000	30.806	47.524	23.400	24.744	35.817	12.815	67.605	26.417	11.536	10.975	13.268	55.698	12.440	9.454	54.100	16.962	20.982	0.048	29.937	65.598	67.429	3.112	11.765	9.019	13.511	0.000	24.929	36.648	39.181	67.352	7.342	7.739	21.368	10.666	21.050	8.724	8.954	65.106	80.633	32.633	57.800	88.057	0.000	19.675	3.979
17	0.511	0.000	0.000	32.172	0.000	19.944	30.235	0.000	11.752	21.262	8.051	80.637	29.084	2.638	7.189	6.293	38.674	5.136	4.193	55.900	7.696	9.017	0.000	14.023	85.677	55.785	0.558	2.707	2.830	4.978	0.000	17.647	19.739	19.632	57.759	1.927	3.947	9.956	4.349	11.383	3.397	6.419	59.159	64.075	11.268	64.400	93.166	0.000	6.598	0.112
18	0.541	0.000	0.000	19.846	0.000	12.357	10.580	0.000	4.916	4.439	3.927	85.985	31.076	0.000	4.654	0.342	35.946	1.888	1.594	64.400	2.350	3.725	0.000	1.223	103.601	38.319	0.000	0.000	1.155E-4	1.034	0.000	6.212	7.213	6.868	61.212	0.000	1.385	2.826	0.771	6.069	0.000	3.301	50.821	49.227	3.212	78.200	89.147	0.000	0.000	0.000
19	0.571	0.000	0.000	6.436	0.000	0.950	3.174	0.000	0.988	13.090	0.083	80.232	31.773	0.000	1.963	5.653	41.849	0.344	0.385	77.100	0.201	1.058	0.000	0.000	114.167	19.696	0.000	0.000	0.000	0.000	0.000	0.000	0.183	0.265	73.019	0.000	0.000	0.000	0.000	2.061	0.000	0.000	39.714	33.141	0.000	92.400	75.470	0.000	0.000	0.000
20	0.601	0.000	0.000	1.164	0.000	0.000	0.131	0.000	0.000	32.055	0.000	64.582	29.246	0.000	0.011	21.215	56.344	0.000	0.000	86.600	0.000	0.000	0.000	0.000	113.550	4.060	0.000	0.000	0.000	0.000	2.652	0.000	0.000	0.000	85.035	0.000	0.000	0.000	0.000	0.000	0.000	0.000	27.893	20.779	0.000	101.800	55.198	0.000	0.000	0.000
21	0.631	0.000	0.000	0.000	0.000	0.000	0.000	8.900	0.000	51.244	0.000	44.932	21.675	0.000	0.000	37.136	66.088	0.000	0.000	89.400	0.000	0.000	0.000	0.000	100.846	0.000	0.000	0.000	0.000	0.000	11.465	1.689	0.000	0.000	90.916	0.000	0.000	0.000	0.000	0.000	0.000	0.000	17.511	14.119	0.000	105.600	35.775	0.000	0.000	0.000
22	0.661	0.000	0.000	0.000	0.000	0.000	0.000	21.700	0.000	74.336	0.000	28.228	13.058	0.000	0.000	60.471	65.335	0.000	0.000	88.200	0.000	0.000	0.000	0.000	82.406	0.000	0.000	0.000	0.000	0.000	28.139	17.008	0.000	0.000	86.757	0.000	0.000	0.000	0.000	0.000	0.000	0.000	7.175	6.272	0.000	106.600	22.956	0.000	0.000	0.000
23	0.691	0.000	0.000	0.000	0.000	0.000	0.000	38.100	0.000	93.442	0.000	15.021	5.917	0.000	0.000	83.261	51.874	0.000	0.000	87.900	0.000	0.000	0.000	0.000	67.400	0.000	0.000	0.000	0.000	0.000	47.136	42.585	0.000	0.000	73.289	0.000	0.000	0.000	0.000	0.000	0.000	0.000	0.327	1.704	0.000	109.100	10.132	0.000	0.000	0.000
24	0.721	0.000	0.000	0.000	0.000	0.000	0.000	58.000	0.000	104.248	0.000	3.976	1.041	0.000	0.000	95.946	31.761	0.000	0.000	84.400	0.000	0.000	0.000	0.000	58.218	0.000	0.000	0.000	0.000	0.000	66.434	64.502	0.000	0.000	50.685	0.000	0.000	0.000	0.000	0.000	0.000	0.000	0.000	0.000	2.439	115.100	0.244	0.000	0.000	0.000
25	0.751	0.000	0.000	0.000	0.000	0.000	0.000	75.800	0.000	107.714	0.000	0.000	0.000	0.000	0.000	96.853	17.414	0.000	0.000	71.000	0.000	0.000	0.000	0.000	51.416	0.000	0.000	0.000	0.000	0.000	80.187	84.787	0.000	0.000	28.259	0.000	0.000	0.000	0.000	0.000	0.000	0.000	0.000	0.000	8.142	123.800	0.000	0.000	0.000	0.000
26	0.000	0.000	0.000	0.000	0.000	0.000	0.000	86.800	0.000	104.753	0.000	0.000	0.000	0.000	0.000	0.000	0.000	0.000	0.000	48.900	0.000	0.000	0.000	0.000	0.000	0.000	0.000	0.000	0.000	0.000	0.000	96.314	0.000	0.000	11.585	0.000	0.000	0.000	0.000	0.000	0.000	0.000	0.000	0.076	0.000	132.300	0.174	0.000	0.000	0.000
