 	x	1	2	3	4	5	6	7	8	9	10	11	12	13	14	15	16	17	18	19	20	21	22	23	24	25	26	27	28	29	30	31	32	33	34	35	36	37	38	39	40	41	42	43	44	45	46	47	48	49
1	0.030	0.000	76.730	82.050	0.000	0.000	0.000	0.000	0.000	0.000	0.000	0.000	0.000	0.000	0.000	82.898	83.691	0.000	0.000	126.800	0.000	0.000	36.082	0.000	79.322	88.957	0.000	116.136	2.445	79.127	0.000	64.684	1.697	0.000	16.752	0.000	51.962	0.000	0.000	0.000	87.470	0.000	0.000	0.000	0.000	0.000	35.670	0.000	0.000	67.799
2	0.060	0.000	87.059	87.702	0.000	0.000	0.000	0.000	0.000	0.000	0.000	0.000	0.000	0.000	0.000	72.929	82.022	0.000	0.000	126.700	0.000	0.000	54.921	0.000	78.281	85.594	0.000	118.185	0.000	80.710	0.000	47.057	9.934	0.000	26.926	0.000	38.229	0.000	0.000	0.000	73.076	0.000	0.000	0.000	0.000	0.000	60.360	0.000	0.000	63.694
3	0.090	0.000	91.665	81.785	0.000	0.000	0.000	0.000	0.000	0.000	0.000	0.000	0.000	0.000	0.000	57.001	76.118	0.000	0.000	124.200	0.000	0.000	68.302	0.000	77.023	69.631	0.000	109.448	0.000	81.121	0.000	33.529	26.606	0.000	42.368	0.000	25.317	0.000	0.000	0.000	53.328	0.000	0.000	0.099	0.000	0.000	91.439	0.000	0.000	51.869
4	0.120	0.000	89.065	68.969	0.000	0.000	0.000	0.000	0.000	0.000	0.000	0.000	0.000	0.000	0.000	38.842	54.199	0.000	0.000	116.600	0.000	0.000	73.029	0.000	72.220	48.301	0.000	90.039	0.000	74.752	0.000	19.866	50.628	0.000	58.592	0.000	14.944	0.000	0.000	0.000	32.655	0.000	0.000	1.175	0.000	0.000	119.504	0.000	0.000	34.876
5	0.150	0.000	81.899	53.944	0.000	0.599	0.000	0.000	0.000	0.000	0.000	0.000	0.000	0.000	0.000	22.425	17.628	0.000	0.000	100.400	0.000	0.000	73.559	0.000	58.132	26.086	0.000	62.249	0.000	60.571	0.000	11.153	73.102	0.000	70.729	0.000	4.724	0.000	0.000	0.000	6.614	0.000	0.000	4.094	0.000	0.000	133.680	0.000	0.000	19.735
6	0.180	0.000	73.198	38.797	0.000	5.740	0.030	0.000	0.685	0.000	0.000	0.000	0.359	0.000	1.476	5.072	20.180	0.000	0.000	78.100	0.475	0.000	77.537	0.000	37.459	7.799	0.000	34.726	0.000	43.490	0.000	1.728	89.198	0.000	77.135	0.000	1.388	0.000	0.000	0.000	0.000	0.000	0.000	5.831	0.000	0.000	133.342	0.000	0.000	9.975
7	0.210	0.000	67.819	25.919	0.000	14.844	5.192	0.000	7.116	0.203	0.000	0.000	6.498	0.182	7.560	0.000	68.769	0.000	0.011	57.800	7.147	0.066	87.882	0.000	19.739	20.655	0.000	13.951	0.000	29.647	0.000	5.578	97.156	0.000	76.907	0.000	0.000	0.724	0.006	0.110	0.000	0.000	0.000	17.625	1.501	0.000	124.469	0.000	1.306	0.682
8	0.240	0.000	66.886	19.743	0.000	27.921	12.507	0.000	16.065	4.746	0.000	0.000	15.910	5.549	10.736	0.131	88.048	0.577	1.383	47.500	18.328	1.986	100.787	0.412	8.052	38.919	0.573	0.463	0.807	19.519	1.650	22.815	100.398	0.904	71.764	0.000	1.038	9.237	2.229	4.798	0.440	0.475	0.574	37.486	7.513	0.000	113.257	0.167	10.884	2.577
9	0.270	2.189	66.147	28.840	0.000	38.081	20.406	0.000	33.494	15.740	0.026	0.000	28.039	12.881	13.924	6.520	100.864	3.240	5.794	0.000	36.460	7.381	109.789	15.941	0.090	62.273	6.619	5.724	7.486	22.287	13.364	29.155	99.295	9.310	66.945	0.000	8.258	19.702	7.641	11.952	9.645	6.553	10.360	57.215	23.951	0.000	101.595	8.912	19.277	10.562
10	0.300	12.278	60.239	45.954	0.000	47.771	35.223	18.200	56.282	28.330	2.881	0.000	43.496	20.280	18.137	16.297	112.581	7.685	9.967	57.500	56.847	14.236	110.481	32.177	0.000	86.162	15.669	22.199	15.060	30.585	22.546	31.239	90.731	19.547	67.434	0.000	11.932	35.702	16.085	20.556	18.241	9.597	21.670	75.864	55.405	29.900	88.962	19.805	34.322	19.190
11	0.330	21.028	49.064	68.638	58.700	56.774	52.450	27.400	73.761	44.042	10.298	0.000	57.504	36.335	22.634	27.940	118.880	17.824	17.170	68.600	70.941	26.435	104.724	52.873	0.000	104.203	31.878	40.077	29.831	43.619	36.377	31.548	73.630	36.164	73.964	0.000	20.139	60.464	34.639	34.481	30.411	15.452	32.038	85.371	93.592	45.600	79.711	33.769	55.604	32.515
12	0.361	36.535	37.826	87.536	58.700	64.269	63.465	41.500	82.057	58.473	22.303	0.000	66.301	55.514	26.815	43.091	116.225	32.810	27.390	75.100	77.916	42.233	96.512	70.648	0.000	114.811	54.517	60.619	48.580	56.712	55.296	30.787	56.223	56.003	81.347	0.000	34.311	83.018	57.435	51.693	45.343	21.784	48.055	86.562	118.040	59.800	79.810	53.408	75.284	45.409
13	0.391	57.552	26.569	97.800	49.000	68.558	60.622	51.400	81.506	68.580	40.715	0.000	68.427	65.044	28.887	52.299	107.986	43.137	34.195	72.700	82.450	53.975	88.524	76.221	0.000	116.100	73.736	71.178	56.025	64.300	72.615	29.529	49.988	71.093	82.799	0.000	46.417	92.124	71.314	61.408	56.900	23.191	64.147	86.288	113.843	65.600	91.534	72.304	85.135	47.930
14	0.421	76.917	16.819	99.758	26.900	71.031	45.898	48.400	72.107	71.329	56.861	0.000	61.970	56.721	27.401	47.931	99.832	40.731	32.295	63.400	82.943	56.243	82.087	66.112	0.000	104.470	82.096	64.518	44.782	64.118	83.158	28.535	59.518	76.530	76.763	2.711	44.743	81.224	66.513	56.594	56.327	20.301	74.274	89.189	84.097	62.900	109.329	83.909	86.044	35.796
15	0.451	86.746	27.266	90.988	15.000	72.095	28.042	35.200	53.921	64.467	58.265	0.000	47.602	37.372	21.411	34.660	93.321	27.674	23.482	51.000	71.276	47.307	75.942	44.679	0.000	81.752	78.176	45.215	26.311	57.097	87.420	27.806	79.234	70.395	66.218	18.493	29.907	58.710	46.410	40.111	43.651	16.771	74.830	96.918	46.970	56.500	124.463	86.202	84.189	18.528
16	0.481	83.344	39.814	69.284	11.700	69.681	15.447	21.300	31.753	49.885	43.488	0.000	30.403	21.241	14.398	22.317	86.116	14.452	14.614	42.700	48.820	32.051	67.331	23.200	0.000	53.123	62.808	25.800	13.251	45.380	83.445	27.101	96.658	54.853	58.207	31.682	13.921	35.985	25.100	23.336	26.620	14.463	65.050	107.982	20.919	52.400	132.698	78.320	80.943	7.421
17	0.511	66.595	60.032	46.584	0.000	61.576	7.016	0.000	15.282	32.388	23.443	0.000	16.583	13.890	9.796	8.188	74.313	5.997	8.881	43.100	25.203	18.391	54.964	10.906	0.000	28.700	40.327	15.200	6.227	33.012	68.299	26.764	104.008	36.733	56.574	51.788	5.591	22.132	11.694	13.088	13.907	12.324	47.439	118.488	7.985	52.700	135.016	59.253	72.237	2.208
18	0.541	43.219	73.151	21.009	0.000	48.983	0.183	0.000	6.102	15.286	10.231	0.000	6.407	6.600	7.541	0.224	57.761	2.131	5.590	53.100	8.929	9.863	40.029	1.522	0.000	12.523	19.587	6.624	7.203	23.840	47.088	13.627	102.009	20.934	59.765	75.715	1.071	13.625	4.135	5.885	6.941	10.086	28.652	124.040	0.833	64.700	131.307	36.532	55.189	0.068
19	0.571	23.450	85.487	4.841	0.000	36.732	0.000	0.000	0.320	1.965	2.479	0.000	1.098	0.146	2.470	2.952	34.184	0.130	0.857	67.600	1.095	3.944	26.840	0.000	0.000	2.125	8.112	0.177	11.740	13.992	27.959	0.479	94.498	8.863	62.031	94.777	0.000	1.814	0.196	0.155	0.964	1.184	14.979	121.471	0.000	76.800	120.202	18.109	35.335	0.000
20	0.601	12.466	97.866	0.510	0.000	20.577	0.000	0.000	0.000	12.431	0.000	0.000	0.000	0.000	0.000	17.974	15.854	0.000	0.000	78.200	0.000	0.316	16.484	0.000	0.000	0.000	0.810	0.000	16.310	0.614	12.515	0.000	80.971	2.990	57.215	100.793	0.000	0.000	0.000	0.000	0.000	0.000	3.765	109.642	0.352	87.300	103.122	6.545	20.892	0.000
21	0.631	3.593	108.911	0.000	0.000	25.290	0.000	5.900	0.000	29.041	0.000	0.408	0.000	0.000	0.000	33.656	2.733	0.000	0.000	81.500	0.000	0.000	17.585	0.000	0.000	0.000	0.000	0.000	17.839	0.000	0.578	0.000	61.504	0.688	44.513	91.577	0.000	0.000	0.000	0.000	0.000	0.000	0.000	88.328	3.338	93.900	84.020	0.641	11.419	0.000
22	0.661	0.000	117.393	0.000	0.000	45.685	0.000	20.100	0.000	49.569	0.000	7.916	0.000	0.000	0.000	58.553	0.000	0.000	0.000	81.300	0.000	0.000	25.974	0.000	0.000	0.000	0.000	0.000	15.522	0.000	0.000	10.710	39.737	0.000	30.016	70.899	0.000	0.000	0.000	0.000	0.000	0.000	0.000	60.355	9.582	97.600	63.581	0.000	0.757	0.000
23	0.691	0.000	122.829	0.000	0.000	61.638	0.000	33.400	0.000	69.849	0.000	16.592	0.000	0.000	0.000	83.547	0.000	0.000	0.000	81.900	0.000	0.000	39.529	0.000	0.000	0.000	0.000	0.000	10.635	0.000	0.000	32.940	22.539	0.000	11.282	45.800	0.000	0.000	0.000	0.000	0.000	0.000	0.000	35.220	20.377	101.800	43.636	0.000	0.000	0.000
24	0.721	0.000	126.627	0.000	0.000	74.662	0.000	50.400	0.000	85.437	0.000	28.568	0.000	0.000	0.000	97.891	0.000	0.000	0.000	79.600	0.000	0.000	54.262	0.000	0.000	0.000	0.000	0.000	6.763	0.000	0.000	52.464	7.638	0.000	0.140	25.627	0.000	0.000	0.000	0.000	0.000	0.000	0.000	19.856	34.663	109.400	23.221	0.000	0.000	0.000
25	0.751	0.000	131.354	0.000	0.000	81.621	0.000	67.100	0.000	94.729	0.000	48.968	0.000	0.000	0.000	100.375	0.000	0.000	0.000	68.800	1.074	0.000	63.874	0.000	0.000	0.000	0.000	0.000	3.981	0.000	0.000	69.807	0.319	0.000	1.335	11.305	0.000	0.000	0.000	0.000	0.000	0.000	0.000	0.446	50.638	119.800	1.974	0.000	0.000	0.000
26	0.000	0.000	0.000	0.000	0.000	82.842	0.000	79.900	0.000	97.823	0.000	71.820	0.000	0.000	0.000	95.591	0.000	0.000	0.000	50.300	0.000	0.000	68.181	0.000	0.000	0.000	0.000	0.000	0.000	0.000	4.926	91.989	0.000	0.000	7.641	0.326	0.000	0.000	0.000	0.000	0.000	0.000	0.000	0.000	0.000	129.300	0.000	0.000	0.000	0.000
