25.139	3.224	69.416	0.029	0.212	0.177	0	0.16286	0.38788	0	0	0	0	0	0	0	0.89476	0.8984	0.99595	1	0	0	0	0	0	0	0	1	0	1	0.14572	0.14631	0	0	0	0	0.38731	0.38919	0	1	1	0.16286	0.38788	0.99176	0.085142	0.3876	0.99822	0.375	0.375	0	0	0	0	0	1	1	0.14572	0.38731	0.99772	0.077088	0.38564	0.99762	0.4	0.4	0	0	0	0	0	1	1	0.14631	0.38919	0.99907	0.078728	0.38836	0.99484	0.4	0.4	0	0	0	0	0	0	0	0	0	0	0	0	0	0	0	0	0	0	0	0	0	0	0	0	0	0	0	0	0	0	0	0	0	0	0	0	0
23.61	4.522	37.424	0.178	1.257	0.18	1.124	0	0	0	0	0	0	0	0	0	0	0	0.41554	0	0	0	0	0	0	0	0	1	0	0	0.12707	0.3058	0	0	0	0	0.34408	0.5221	0	1	1	0.14853	0.41792	0.76363	0.075966	0.41869	0.58274	0.425	0.425	0	0	0	0	0	1	1	0.12707	0.34408	0.98509	0.067358	0.34545	0.94245	0.35	0.35	0	0	0	0	0	1	2	0.16235	0.675	0.9376	0.3058	0.5221	0.98463	0.375	0.675	0	0	0	0	0	0	0	0	0	0	0	0	0	0	0	0	0	0	0	0	0	0	0	0	0	0	0	0	0	0	0	0	0	0	0	0	0
22.832	5.349	28.15	0.694	3.056	0.289	3.276	0	0	0	0	0	0	0	0	0	0	0	0.95035	0	0	0	0	0	0	0	0	1	0	0	0.17649	0.16773	0	0	0	0	0.25039	0.33974	0	1	1	0.21171	0.42059	0.97836	0.1193	0.4089	-Inf	0.4	0.4	0	0	0	0	0	1	1	0.17649	0.25039	0.99899	0.092652	0.25073	0.99082	0.25	0.25	0	0	0	0	0	1	1	0.16773	0.33974	0.99635	0.090803	0.34219	0.99726	0.35	0.35	0	0	0	0	0	0	0	0	0	0	0	0	0	0	0	0	0	0	0	0	0	0	0	0	0	0	0	0	0	0	0	0	0	0	0	0	0
1.009	6.137	152.02	0.032	0.246	0.165	0.06	0.15163	0.41229	0	0	0	0	0	0	0	0.89799	0.92472	0.9711	1	0	0	0	0	0	0	0	1	0	1	0.13616	0.14021	0	0	0	0	0.42272	0.41081	0	1	1	0.15163	0.41229	0.99748	0.078042	0.41257	0.98501	0.425	0.425	0	0	0	0	0	1	1	0.13616	0.42272	0.99637	0.076295	0.42233	0.99176	0.425	0.425	0	0	0	0	0	1	1	0.14021	0.41081	0.99857	0.075101	0.41077	0.99429	0.425	0.425	0	0	0	0	0	0	0	0	0	0	0	0	0	0	0	0	0	0	0	0	0	0	0	0	0	0	0	0	0	0	0	0	0	0	0	0	0
1.693	7.638	1.249	0.034	0.322	0.136	0.225	0.11778	0.39206	0	0	0	0	0	0	0	0.96286	0.90679	0.94177	1	0	0	0	0	0	0	0	1	0	1	0.11341	0.1068	0	0	0	0	0.4022	0.3854	0	1	1	0.11778	0.39206	0.99897	0.060871	0.39128	0.99198	0.4	0.4	0	0	0	0	0	1	1	0.11341	0.4022	0.99787	0.0645	0.39758	0.99378	0.4	0.4	0	0	0	0	0	1	1	0.1068	0.3854	0.99969	0.055676	0.38546	0.9928	0.375	0.375	0	0	0	0	0	0	0	0	0	0	0	0	0	0	0	0	0	0	0	0	0	0	0	0	0	0	0	0	0	0	0	0	0	0	0	0	0
2.842	7.833	135	0.028	0.19	0.185	0.025	0.17802	0.41057	0	0	0	0	0	0	0	0.92901	0.88991	0.95791	1	0	0	0	0	0	0	0	1	0	1	0.16538	0.15842	0	0	0	0	0.38054	0.38356	0	1	1	0.17802	0.41057	0.98387	0.096304	0.40648	0.98533	0.425	0.425	0	0	0	0	0	1	1	0.16538	0.38054	0.99676	0.090017	0.38057	0.99659	0.375	0.375	0	0	0	0	0	1	1	0.15842	0.38356	0.99176	0.087065	0.38267	0.99589	0.4	0.4	0	0	0	0	0	0	0	0	0	0	0	0	0	0	0	0	0	0	0	0	0	0	0	0	0	0	0	0	0	0	0	0	0	0	0	0	0
18.174	7.888	17.239	0.073	0.429	0.217	0.171	0.19354	0.38782	0	0	0	0	0	0	0	0.6886	0.85895	0.80168	0	0	0	0	0	0	0	0	1	0	1	0.13327	0.16624	0	0	0	0	0.37068	0.37329	0	1	1	0.19354	0.38782	0.98419	0.10644	0.39423	0.99854	0.375	0.375	0	0	0	0	0	1	1	0.13327	0.37068	0.99646	0.074801	0.36783	0.99703	0.375	0.375	0	0	0	0	0	1	1	0.16624	0.37329	0.99512	0.091442	0.37336	0.99715	0.375	0.375	0	0	0	0	0	0	0	0	0	0	0	0	0	0	0	0	0	0	0	0	0	0	0	0	0	0	0	0	0	0	0	0	0	0	0	0	0
3.991	9.022	162.97	0.023	0.184	0.155	0.452	0	0	0	0	0	0	0	0	0	0	0	0.58954	1	0	0	0	0	0	0	0	1	0	0	0.24707	0.14566	0	0	0	0	0.29619	0.40725	0	1	1	0.12827	0.41432	0.83207	0.066663	0.41419	0.81004	0.425	0.425	0	0	0	0	0	1	2	0.4164	0.24135	0.66091	0.24707	0.29619	0.99112	0.2	0.425	0	0	0	0	0	1	1	0.14566	0.40725	0.98199	0.07923	0.40494	0.96542	0.4	0.4	0	0	0	0	0	0	0	0	0	0	0	0	0	0	0	0	0	0	0	0	0	0	0	0	0	0	0	0	0	0	0	0	0	0	0	0	0
3.816	9.379	104.63	0.104	0.536	0.248	0.452	0	0	0	0	0	0	0	0	0	0	0	0	0	0	0	0	0	0	0	0	1	0	0	0.25	0	0	0	0	0	0.55	0	0	1	1	0.22949	0.38165	0.94195	0.12383	0.38354	0.94293	0.375	0.375	0	0	0	0	0	1	2	0.080784	0.42521	-0.30287	0.25166	0.52417	0.72449	0.425	0.675	0	0	0	0	0	1	2	0.45484	0.50382	0.73273	0.1239	0.46677	0.37703	0.4	0.525	0	0	0	0	0	0	0	0	0	0	0	0	0	0	0	0	0	0	0	0	0	0	0	0	0	0	0	0	0	0	0	0	0	0	0	0	0
4.369	9.536	123.22	0.101	0.587	0.219	0.362	0.1781	0.43061	0	0	0	0	0	0	0	0	0.98211	0	0	0	0	0	0	0	0	0	1	0	1	0	0.17491	0	0	0	0	0	0.34896	0	1	1	0.1781	0.43061	0.99882	0.094642	0.43045	0.99191	0.425	0.425	0	0	0	0	0	1	1	0.15715	0.37587	0.90427	0.083448	0.37472	-2.0142e+52	0.375	0.375	0	0	0	0	0	1	1	0.17491	0.34896	0.99791	0.094049	0.34732	0.99122	0.35	0.35	0	0	0	0	0	0	0	0	0	0	0	0	0	0	0	0	0	0	0	0	0	0	0	0	0	0	0	0	0	0	0	0	0	0	0	0	0
15.512	9.885	34.893	0.199	1.099	0.23	0.826	0.19365	0.3906	0	0	0	0	0	0	0	0.47682	0.82788	0.57595	0	0	0	0	0	0	0	0	1	0	1	0.092337	0.16032	0	0	0	0	0.36488	0.41986	0	1	1	0.19365	0.3906	0.99739	0.099589	0.39112	0.99141	0.4	0.4	0	0	0	0	0	1	2	0.15718	0.37057	0.98846	0.092337	0.36488	0.99674	0.35	0.4	0	0	0	0	0	1	1	0.16032	0.41986	0.9933	0.08352	0.41952	0.99806	0.425	0.425	0	0	0	0	0	0	0	0	0	0	0	0	0	0	0	0	0	0	0	0	0	0	0	0	0	0	0	0	0	0	0	0	0	0	0	0	0
4.325	10.188	118.07	0.021	0.186	0.146	0.362	0	0	0	0	0	0	0	0	0	0	0	0.95225	1	0	0	0	0	0	0	0	1	0	0	0.15487	0.14748	0	0	0	0	0.39483	0.40635	0	1	1	0.1827	0.38029	0.979	0.10108	0.38279	0.98959	0.375	0.375	0	0	0	0	0	1	1	0.15487	0.39483	0.99456	0.084637	0.39051	0.9962	0.4	0.4	0	0	0	0	0	1	1	0.14748	0.40635	0.9972	0.081041	0.40628	0.99373	0.4	0.4	0	0	0	0	0	0	0	0	0	0	0	0	0	0	0	0	0	0	0	0	0	0	0	0	0	0	0	0	0	0	0	0	0	0	0	0	0
4.661	10.911	135	0.026	0.205	0.163	0.035	0.15489	0.39647	0	0	0	0	0	0	0	0.84227	0.96641	0.87154	1	0	0	0	0	0	0	0	1	0	1	0.13046	0.14969	0	0	0	0	0.39562	0.4147	0	1	1	0.15489	0.39647	0.99614	0.088698	0.39959	0.97245	0.4	0.4	0	0	0	0	0	1	1	0.13046	0.39562	0.99924	0.068529	0.39782	0.98817	0.4	0.4	0	0	0	0	0	1	1	0.14969	0.4147	0.99751	0.079117	0.41452	0.99371	0.425	0.425	0	0	0	0	0	0	0	0	0	0	0	0	0	0	0	0	0	0	0	0	0	0	0	0	0	0	0	0	0	0	0	0	0	0	0	0	0
18.129	11.983	155.34	0.169	0.732	0.294	0.387	0	0	0	0	0	0	0	0	0	0	0	0.98403	0	0	0	0	0	0	0	0	1	0	0	0.18693	0.18394	0	0	0	0	0.39293	0.41182	0	1	1	0.22546	0.41053	0.97794	0.12626	0.41059	0.99362	0.4	0.4	0	0	0	0	0	1	1	0.18693	0.39293	0.99759	0.10067	0.39161	0.99287	0.4	0.4	0	0	0	0	0	1	1	0.18394	0.41182	0.99128	0.10131	0.41111	0.99695	0.425	0.425	0	0	0	0	0	0	0	0	0	0	0	0	0	0	0	0	0	0	0	0	0	0	0	0	0	0	0	0	0	0	0	0	0	0	0	0	0
5.965	12.776	9.268	0.023	0.183	0.161	0.025	0.15793	0.39406	0	0	0	0	0	0	0	1.137	0.99721	0.87702	1	0	0	0	0	0	0	0	1	0	1	0.17957	0.15749	0	0	0	0	0.37386	0.38421	0	1	1	0.15793	0.39406	0.99709	0.085672	0.38958	0.98965	0.4	0.4	0	0	0	0	0	1	1	0.17957	0.37386	0.99089	0.091713	0.37516	0.98712	0.375	0.375	0	0	0	0	0	1	1	0.15749	0.38421	0.99559	0.085201	0.3809	0.98469	0.375	0.375	0	0	0	0	0	0	0	0	0	0	0	0	0	0	0	0	0	0	0	0	0	0	0	0	0	0	0	0	0	0	0	0	0	0	0	0	0
18.528	13.76	117.66	0.188	0.711	0.336	0.433	0.16695	0.38027	0	0	0	0	0	0	0	1.1147	1.1039	0.9903	0	0	0	0	0	0	0	0	2	1	0	0.1861	0.1843	0	0	0	0	0.41778	0.43218	0	1	2	0.27299	0.3698	0.93178	0.16695	0.38027	0.99883	0.3	0.45	0	0	0	0	0	1	1	0.1861	0.41778	0.99757	0.09954	0.41649	0.9894	0.425	0.425	0	0	0	0	0	1	1	0.1843	0.43218	0.99596	0.098739	0.43651	0.99662	0.425	0.425	0	0	0	0	0	0	0	0	0	0	0	0	0	0	0	0	0	0	0	0	0	0	0	0	0	0	0	0	0	0	0	0	0	0	0	0	0
7.556	14.26	163.97	0.747	1.123	0.847	3.499	0.29901	0.38921	0	0	0	0	0	0	0	0.85697	0	0	0	0	0	0	0	0	0	0	2	1	0	0.25625	0	0	0	0	0	0.44046	0	0	1	2	0.64	0.36341	0.93711	0.29901	0.38921	0.93957	0.375	0.5	0	0	0	0	0	1	1	0.25625	0.44046	0.99183	0.13889	0.43982	0.9951	0.45	0.45	0	0	0	0	0	1	0	0	0	0	0	0	0	0	0	0	0	0	0	0	0	0	0	0	0	0	0	0	0	0	0	0	0	0	0	0	0	0	0	0	0	0	0	0	0	0	0	0	0	0	0	0
25.316	15.164	11.283	0.1	0.628	0.203	0.406	0.17996	0.38392	0	0	0	0	0	0	0	0.79619	0.77324	0.97117	0	0	0	0	0	0	0	0	1	0	1	0.14328	0.13915	0	0	0	0	0.36142	0.38722	0	1	1	0.17996	0.38392	0.9907	0.094622	0.38373	0.99569	0.375	0.375	0	0	0	0	0	1	1	0.14328	0.36142	0.98752	0.072665	0.3631	0.97035	0.35	0.35	0	0	0	0	0	1	1	0.13915	0.38722	0.99848	0.074854	0.38835	0.99402	0.375	0.375	0	0	0	0	0	0	0	0	0	0	0	0	0	0	0	0	0	0	0	0	0	0	0	0	0	0	0	0	0	0	1	0	0	0	0	0	0
7.713	15.4	90	0.008	0.113	0.085	0.025	0.12338	0.40203	0	0	0	0	0	0	0	1.0763	0.97992	0.91049	1	0	0	0	0	0	0	0	1	0	1	0.13279	0.1209	0	0	0	0	0.39045	0.40278	0	1	1	0.12338	0.40203	0.99437	0.065679	0.39772	0.99404	0.4	0.4	0	0	0	0	0	1	1	0.13279	0.39045	0.9966	0.06883	0.38825	0.99398	0.4	0.4	0	0	0	0	0	1	1	0.1209	0.40278	0.992	0.059701	0.40052	0.99073	0.4	0.4	0	0	0	0	0	0	0	0	0	0	0	0	0	0	0	0	0	0	0	0	0	0	0	0	0	0	0	0	0	0	0	0	0	0	0	0	0
19.392	15.778	70.303	0.029	0.219	0.171	0.025	0.15174	0.39981	0	0	0	0	0	0	0	0.95838	0.90649	0.94585	1	0	0	0	0	0	0	0	1	0	1	0.14542	0.13755	0	0	0	0	0.38599	0.38703	0	1	1	0.15174	0.39981	0.99674	0.083886	0.40212	0.99517	0.4	0.4	0	0	0	0	0	1	1	0.14542	0.38599	0.99785	0.075926	0.38317	0.99662	0.375	0.375	0	0	0	0	0	1	1	0.13755	0.38703	0.99896	0.07466	0.38675	0.99298	0.375	0.375	0	0	0	0	0	0	0	0	0	0	0	0	0	0	0	0	0	0	0	0	0	0	0	0	0	0	0	0	0	0	0	0	0	0	0	0	0
15.237	18.759	19.281	0.501	1.019	0.627	1.392	0.3553	0.36669	0	0	0	0	0	0	0	0.56296	0.54788	0.97321	0	0	0	0	0	0	0	0	2	1	0	0.20002	0.19466	0	0	0	0	0.47668	0.54397	0	1	2	0.64	0.41601	0.084159	0.3553	0.36669	0.97147	0.2	0.525	0	0	0	0	0	1	1	0.20002	0.47668	0.98707	0.10619	0.47607	0.99725	0.475	0.475	0	0	0	0	0	1	1	0.19466	0.54397	0.99894	0.069586	0.56394	0.93529	0.55	0.55	0	0	0	0	0	0	0	0	0	0	0	0	0	0	0	0	0	0	0	0	0	0	0	0	0	0	0	0	0	0	0	0	0	0	0	0	0
10.898	19.292	164.01	0.176	0.878	0.256	0.612	0.20201	0.39388	0	0	0	0	0	0	0	0.82681	0.81135	0.9813	0	0	0	0	0	0	0	0	1	0	1	0.16702	0.1639	0	0	0	0	0.4168	0.43357	0	1	1	0.20201	0.39388	0.98747	0.11168	0.39373	0.99816	0.375	0.375	0	0	0	0	0	1	1	0.16702	0.4168	0.9958	0.086814	0.41655	0.99483	0.425	0.425	0	0	0	0	0	1	1	0.1639	0.43357	0.9992	0.086619	0.43398	0.99238	0.425	0.425	0	0	0	0	0	0	0	0	0	0	0	0	0	0	0	0	0	0	0	0	0	0	0	0	0	0	0	0	0	0	0	0	0	0	0	0	0
14.202	19.622	25.39	0.073	0.522	0.178	0.327	0.15925	0.38204	0	0	0	0	0	0	0	0.74187	0.74659	0.99367	0	0	0	0	0	0	0	0	1	0	1	0.11814	0.11889	0	0	0	0	0.373	0.39437	0	1	1	0.15925	0.38204	0.99918	0.084896	0.38246	0.99421	0.375	0.375	0	0	0	0	0	1	1	0.11814	0.373	0.9991	0.065243	0.37097	0.9943	0.375	0.375	0	0	0	0	0	1	1	0.11889	0.39437	0.99944	0.063296	0.39714	0.99385	0.4	0.4	0	0	0	0	0	0	0	0	0	0	0	0	0	0	0	0	0	0	0	0	0	0	0	0	0	0	0	0	0	0	0	0	0	0	0	0	0
11.556	19.904	85.819	0.089	0.404	0.28	0.06	0.15989	0.39935	0	0	0	0	0	0	0	1.0638	1.1726	0.90719	0	0	0	0	0	0	0	0	2	1	0	0.17009	0.18749	0	0	0	0	0.37396	0.37188	0	1	2	0.2529	0.39702	0.88065	0.15989	0.39935	0.99026	0.325	0.475	0	0	0	0	0	1	1	0.17009	0.37396	0.99056	0.0916	0.37217	0.99484	0.35	0.35	0	0	0	0	0	1	1	0.18749	0.37188	0.99194	0.099107	0.37251	0.99763	0.375	0.375	0	0	0	0	0	0	0	0	0	0	0	0	0	0	0	0	0	0	0	0	0	0	0	0	0	0	0	0	0	0	0	0	0	0	0	0	0
