 	x	1	2	3	4	5	6	7	8	9	10	11	12	13	14	15	16	17	18	19	20	21	22	23	24	25	26	27	28	29	30	31	32	33	34	35	36	37	38	39	40	41	42	43	44	45
1	0.030	0.000	0.000	0.000	23.543	0.000	0.000	0.000	0.000	0.000	0.000	0.000	0.000	0.000	0.000	0.000	24.730	0.000	0.000	0.000	0.000	0.029	0.000	1.100	0.000	9.978	28.274	0.000	26.560	0.000	0.000	0.000	0.000	0.000	7.537	0.000	12.616	0.000	0.000	0.000	0.000	0.000	0.000	0.000	0.000	0.000
2	0.059	0.000	0.000	0.000	29.494	0.000	0.000	0.000	0.000	0.000	0.000	0.000	0.000	0.000	0.000	0.000	13.974	0.000	0.000	0.000	0.022	4.917	0.000	7.500	0.000	6.472	21.467	0.000	27.320	0.000	0.000	0.000	0.000	0.000	6.020	0.000	14.584	0.000	0.000	0.000	0.000	0.000	0.000	0.000	0.000	0.000
3	0.089	0.000	0.000	0.000	29.815	0.000	0.000	0.000	0.000	0.000	0.000	0.000	0.000	0.000	0.000	0.000	8.635	0.000	0.000	0.000	2.714	14.342	0.000	15.800	0.000	2.796	14.839	1.100	27.376	0.000	0.000	0.000	0.000	0.000	4.712	0.000	16.740	0.000	0.000	0.000	0.000	0.000	0.000	0.000	0.000	0.000
4	0.118	0.000	0.000	0.000	25.047	0.000	0.000	0.000	0.000	0.000	0.000	0.000	0.000	0.000	0.000	0.000	2.410	0.000	0.000	0.000	9.861	29.813	0.000	33.600	0.100	0.000	9.709	1.500	27.353	0.000	0.000	0.000	0.000	0.000	3.345	0.000	17.948	0.000	0.000	0.000	0.000	0.000	0.000	1.085	0.000	0.000
5	0.148	0.000	0.000	0.000	17.624	0.000	0.000	0.000	0.000	0.000	0.000	0.000	0.000	0.000	0.000	0.000	0.932	0.000	0.000	0.000	18.527	48.991	0.000	49.400	3.768	0.000	5.744	4.500	26.590	0.000	0.000	0.000	0.000	0.000	9.152	0.000	19.040	0.000	0.000	0.000	0.000	0.051	0.000	2.049	0.000	0.000
6	0.177	0.000	0.000	0.000	10.732	0.000	0.000	0.000	0.000	0.000	0.000	0.000	0.000	0.000	0.000	0.000	2.428	0.000	0.000	0.000	31.604	64.156	0.000	62.200	10.781	0.000	3.815	5.400	25.194	0.000	0.000	0.259	0.000	0.000	21.485	0.000	21.012	0.000	0.000	0.000	0.000	2.099	0.000	2.797	0.000	0.000
7	0.207	0.000	0.000	0.000	6.413	0.000	0.397	0.000	0.000	0.000	0.000	0.000	0.000	0.000	0.000	0.000	4.995	0.000	0.047	0.000	47.049	70.658	0.000	70.200	20.913	0.140	5.824	5.900	24.285	0.000	0.000	2.313	0.000	0.000	33.237	0.000	21.860	0.000	0.033	0.000	0.000	6.523	0.000	2.150	0.088	0.000
8	0.236	0.000	0.000	0.321	3.272	0.000	5.387	0.209	0.000	0.000	0.000	0.164	0.000	0.000	0.000	0.000	7.533	2.691	5.076	0.000	59.096	70.615	0.000	75.400	35.216	2.583	8.376	5.900	24.318	0.293	0.230	5.414	6.385	0.443	40.200	0.000	20.524	0.452	0.718	0.000	0.329	13.818	0.002	4.398	2.027	0.000
9	0.266	0.179	0.000	4.780	3.732	0.136	14.381	3.339	0.000	0.000	0.065	1.701	0.000	0.000	0.945	0.000	10.550	8.974	10.887	0.000	63.714	68.729	0.169	79.800	51.489	4.607	11.591	16.300	23.659	9.043	1.323	9.423	12.769	11.430	42.813	0.000	17.172	7.060	1.650	0.000	3.220	22.476	0.412	6.735	6.394	0.000
10	0.295	3.977	2.800	9.138	5.902	1.300	26.866	6.082	0.000	1.071	6.413	5.155	1.277	0.000	3.528	1.881	14.338	17.848	20.004	1.179	61.351	67.041	3.201	81.900	59.121	7.874	14.987	17.400	18.002	22.433	2.987	12.489	19.723	17.343	41.858	1.479	14.096	13.085	3.486	1.300	8.046	29.429	3.249	10.025	15.250	1.500
11	0.325	10.765	14.300	14.719	8.492	3.262	39.506	10.448	1.600	4.712	15.751	11.759	5.185	0.520	8.191	8.092	17.161	33.646	32.801	3.988	53.451	65.014	6.358	81.400	59.905	13.452	16.933	20.600	16.457	30.813	6.319	13.632	27.323	18.654	39.780	4.366	14.368	19.805	6.773	4.600	16.728	33.972	11.174	13.869	28.662	3.300
12	0.354	24.664	39.000	19.620	9.323	5.467	48.279	14.938	13.100	10.380	19.364	18.752	8.476	1.637	16.156	15.292	25.374	51.290	42.287	7.155	42.142	60.214	12.014	77.500	59.193	18.328	18.571	21.600	16.639	34.680	11.083	13.280	36.114	17.833	38.698	6.846	19.892	24.738	9.930	10.700	27.131	35.278	21.970	19.851	42.120	6.100
13	0.384	37.243	45.600	21.739	8.362	9.360	50.800	16.539	31.400	15.903	17.332	21.565	10.486	1.961	24.117	19.478	30.419	62.078	41.941	8.465	30.371	53.071	22.477	67.200	59.063	20.233	20.137	23.400	17.615	34.684	15.581	12.871	39.931	14.701	40.488	8.021	26.472	25.472	10.307	18.700	34.826	34.861	28.182	25.759	51.663	9.800
14	0.413	32.294	18.800	19.780	6.146	15.419	47.235	13.764	28.200	20.191	11.850	17.989	10.211	2.841	26.189	18.164	35.005	61.425	32.321	6.959	20.043	42.969	31.476	52.600	57.660	19.093	21.735	23.000	19.000	29.149	16.866	14.029	35.274	11.729	43.131	7.142	29.152	21.092	8.000	22.200	35.714	33.738	25.825	28.682	53.235	11.500
15	0.443	12.203	0.000	15.156	3.099	21.103	39.470	9.353	12.400	19.167	6.743	10.686	7.894	2.832	22.790	12.429	40.389	55.477	20.320	3.539	11.495	30.559	32.410	38.100	52.505	16.152	22.018	22.200	18.658	21.351	15.119	16.864	25.487	9.754	43.545	5.701	25.136	14.717	4.951	18.200	29.564	30.701	16.698	24.473	45.118	7.000
16	0.472	4.523	0.000	9.957	1.204	23.445	29.514	5.427	4.100	14.472	3.045	4.161	4.771	1.631	15.919	7.456	48.491	51.641	10.293	1.259	3.943	18.784	24.102	25.600	43.227	11.754	20.049	21.100	16.954	14.223	12.743	20.423	16.288	8.387	39.680	4.351	16.624	8.559	2.386	10.600	19.403	25.723	7.455	16.077	30.782	0.000
17	0.502	0.000	0.000	5.880	0.432	21.118	19.631	3.025	1.400	9.272	1.120	0.908	2.316	0.278	10.061	2.672	57.301	51.794	4.319	0.378	0.502	9.687	11.885	0.000	29.018	7.673	16.141	14.400	15.455	9.672	11.800	22.899	7.685	6.469	32.545	3.256	7.872	4.429	0.733	5.500	10.270	19.680	2.532	8.015	16.172	0.000
18	0.531	0.000	0.000	2.079	0.052	15.613	13.390	0.814	0.000	4.656	0.145	0.102	0.900	0.000	6.285	0.134	64.196	52.176	1.313	0.124	0.000	4.160	3.948	0.000	18.360	4.220	8.939	0.000	14.532	3.276	11.943	23.153	1.555	5.031	24.418	0.994	2.852	1.719	0.029	0.000	4.025	12.790	0.801	2.959	6.807	0.000
19	0.561	0.000	0.000	0.192	0.000	10.313	7.421	0.000	0.000	1.954	0.000	0.000	0.181	0.000	2.867	0.000	67.285	46.246	0.083	0.000	0.000	1.695	0.329	0.000	10.117	1.420	1.262	0.000	13.729	0.000	8.822	21.587	4.789	3.152	17.247	0.000	0.600	0.828	0.000	0.000	0.825	6.849	0.042	0.481	1.748	0.000
20	0.590	0.000	0.000	0.000	0.000	6.344	2.254	0.000	0.000	0.000	0.000	0.000	0.000	0.000	0.232	0.000	63.975	33.526	0.000	0.000	0.000	0.315	0.000	0.000	5.055	0.000	0.000	0.000	1.357	0.000	4.220	19.932	11.289	0.156	12.789	0.000	0.000	0.135	0.000	0.000	0.000	3.158	0.000	0.000	0.000	0.000
21	0.620	0.000	0.000	0.000	0.000	3.540	1.493	0.000	0.000	0.000	0.000	0.000	0.000	0.000	0.000	0.000	52.841	19.855	0.000	0.000	0.000	0.000	0.000	1.500	0.587	0.000	0.000	0.000	0.000	0.000	1.499	19.120	22.449	0.000	7.242	0.000	0.000	0.000	0.257	0.000	0.000	0.780	0.000	0.000	0.000	0.000
22	0.649	0.000	0.000	0.000	0.000	2.422	0.829	0.000	0.000	0.000	0.000	0.000	0.000	0.000	0.000	0.000	35.570	10.856	0.000	0.000	0.000	0.000	0.000	1.500	0.000	0.186	0.191	0.000	0.012	0.000	0.000	15.173	34.863	0.000	0.216	0.000	0.000	0.000	2.152	0.000	0.000	0.000	0.000	0.000	0.000	0.000
23	0.679	0.000	0.000	0.000	0.000	4.087	0.000	0.000	0.000	0.000	0.000	0.000	0.000	0.000	0.945	0.000	19.157	2.696	0.000	0.000	0.000	0.000	0.000	1.500	0.000	11.202	1.231	0.000	0.109	0.000	0.000	11.930	46.994	0.000	0.000	3.595	0.000	0.000	7.437	0.000	0.000	0.000	0.727	0.000	0.000	0.000
24	0.708	0.000	0.000	0.000	0.000	6.677	0.000	0.000	0.000	0.000	0.000	0.000	0.000	0.000	8.390	0.000	7.427	0.000	0.000	0.000	0.000	0.000	0.000	1.400	0.000	26.199	2.603	0.000	3.582	0.000	0.000	13.599	55.119	0.000	0.000	13.117	0.000	0.000	14.184	0.000	0.000	0.000	2.618	0.000	0.000	0.000
25	0.738	0.000	0.000	0.000	0.000	7.498	0.000	0.000	0.000	0.000	0.000	0.000	0.000	0.000	15.994	0.000	1.703	0.000	0.000	0.000	0.000	0.000	0.000	1.300	0.000	40.281	4.328	17.200	2.957	0.000	0.000	16.743	58.747	11.655	0.000	24.482	0.000	0.000	17.819	0.000	0.000	0.000	4.883	0.000	0.000	0.000
26	0.767	0.000	0.000	0.000	0.000	7.440	0.000	0.000	0.000	0.000	0.000	0.000	0.000	0.000	28.467	0.000	0.000	0.000	0.000	0.000	0.000	0.000	0.000	1.200	0.000	57.938	5.771	20.400	2.500	0.000	0.000	23.457	58.936	32.367	0.000	34.676	0.000	0.000	16.351	0.000	0.000	0.000	7.031	0.000	0.000	0.000
27	0.000	0.000	0.000	0.000	0.000	0.000	0.000	0.000	0.000	0.000	0.000	0.000	0.000	0.000	0.000	0.000	0.000	0.000	0.000	0.000	0.000	0.000	0.000	1.300	0.000	0.000	0.000	0.000	2.244	0.000	0.000	0.000	0.000	0.000	0.000	43.675	0.000	0.000	0.000	0.000	0.000	0.000	0.000	0.000	0.000	0.000
