1	1	0.130321	0.336629	0.999605	0.0674095	0.3366	0.992806	0.33	0.33	0	0	0	0
1	1	0.146395	0.367689	0.998133	0.0749882	0.368647	0.995076	0.361	0.361	0	0	0	0
1	1	0.129673	0.363941	0.999404	0.0674479	0.36498	0.994415	0.361	0.361	0	0	0	0
1	1	0.103008	0.366654	0.999897	0.0537173	0.363856	-1.88293e+48	0.361	0.361	0	0	0	0
1	1	0.136448	0.375544	0.998915	0.0711072	0.376301	0.994941	0.391	0.391	0	0	0	0
1	1	0.107451	0.380115	0.99968	0.0587273	0.381832	0.995436	0.391	0.391	0	0	0	0
1	1	0.0946149	0.398067	0.999023	0.0496633	0.394441	0.992323	0.391	0.391	0	0	0	0
1	1	0.134146	0.379024	0.999904	0.0692226	0.378232	0.992849	0.391	0.391	0	0	0	0
1	1	0.117366	0.406481	0.999629	0.0633424	0.406237	0.992456	0.421	0.421	0	0	0	0
1	1	0.133899	0.38421	0.986709	0.0702073	0.387534	0.982463	0.391	0.391	0	0	0	0
1	1	0.202933	0.346658	0.613071	0.110571	0.331184	0.39709	0.27	0.27	0	0	0	0
1	1	0.177231	0.389099	0.871561	0.0899159	0.388469	0.796583	0.391	0.391	0	0	0	0
1	1	0.198779	0.439682	0.83156	0.0705385	0.437505	0.606683	0.481	0.481	0	0	0	0
1	2	0.0613915	0.434003	-0.314169	0.250595	0.505703	0.540546	0.421	0.661	0	0	0	0
1	1	0.105939	0.377557	0.999264	0.0582073	0.376994	0.990178	0.391	0.391	0	0	0	0
1	2	0.0750271	0.378229	-0.132715	0.0761115	0.402743	-0.281453	0.391	0.661	0	0	0	0
1	1	0.126201	0.385964	0.997371	0.0608544	0.387425	0.989833	0.391	0.391	0	0	0	0
1	3	0	0	0	0	0	0	0	0	0.12	0.151	0.18	0.3155
1	1	0.233941	0.437487	0.987571	0.0245401	0.448245	0.91018	0.451	0.451	0	0	0	0
1	1	0.133538	0.405216	0.981942	0.0695877	0.404542	0.963206	0.391	0.391	0	0	0	0
1	1	0.119812	0.404685	0.994534	0.0638719	0.405048	0.974213	0.391	0.391	0	0	0	0
1	1	0.149197	0.407035	0.567112	0.0896401	0.409801	0.304517	0.451	0.451	0	0	0	0
1	2	0.297445	0.391198	0.617548	0.207747	0.368896	0.993558	0.27	0.481	0	0	0	0
1	1	0.15266	0.395587	0.982658	0.0784118	0.398091	0.971638	0.391	0.391	0	0	0	0
1	3	0	0	0	0	0	0	0	0	0.18	0.15	0.451	0.616
1	1	0.109729	0.394325	0.687173	0.0537822	0.400843	0.224782	0.391	0.391	0	0	0	0
1	1	0.164671	0.361607	-0.0291659	0.0927717	0.358871	-0.111982	0.361	0.361	0	0	0	0
1	1	0.200184	0.37268	0.977026	0.105785	0.37271	0.935457	0.391	0.391	0	0	0	0
1	1	0.366045	0.380135	0.988827	0.218857	0.37239	0.871225	0.361	0.361	0	0	0	0
1	1	0.223707	0.406639	0.943126	0.130302	0.410579	0.951504	0.421	0.421	0	0	0	0
1	1	0.169837	0.406895	0.998174	0.0913773	0.408821	0.996027	0.421	0.421	0	0	0	0
1	1	0.176699	0.350415	0.920367	0.0971461	0.355183	0.983597	0.33	0.33	0	0	0	0
1	1	0.160367	0.389425	0.980329	0.0931435	0.394668	0.988666	0.391	0.391	0	0	0	0
1	2	0.352492	0.338476	0.923052	0.198614	0.342731	0.986167	0.24	0.361	0	0	0	0
1	2	0.207961	0.433273	0.0151852	0.106317	0.423077	-0.0438698	0.421	0.691	0	0	0	0
1	1	0.172732	0.437155	0.98759	0.0317606	0.433354	0.919754	0.421	0.421	0	0	0	0
1	1	0.183332	0.348616	0.675653	0.0958087	0.354251	0.462854	0.33	0.33	0	0	0	0
1	1	0.264217	0.413371	0.74202	0.120365	0.430722	0.618467	0.481	0.481	0	0	0	0
1	1	0.0981266	0.388942	0.999585	0.0515373	0.389604	0.98685	0.391	0.391	0	0	0	0
1	1	0.185442	0.391033	0.786951	0.0998735	0.406919	0.915154	0.451	0.451	0	0	0	0
1	1	0.208401	0.526386	0.96821	0.119804	0.524234	0.999565	0.571	0.571	0	0	0	0
1	2	0.424092	0.502181	0.729419	0.209648	0.446972	0.872847	0.361	0.541	0	0	0	0
1	1	0.144981	0.406647	0.592991	0.0813396	0.431147	0.344137	0.391	0.391	0	0	0	0
1	2	0.222922	0.382378	0.871742	0.122208	0.34949	0.806416	0.391	0.691	0	0	0	0
1	1	0.113266	0.380535	0.515739	0.0528678	0.373585	0.205663	0.391	0.391	0	0	0	0
1	2	0.301567	0.310731	0.936114	0.1562	0.292387	0.990517	0.21	0.27	0	0	0	0
1	4	0	0	0	0	0	0	0	0	0.211	0.24	0.2555	0.571
1	5	0	0	0	0	0	0	0	0	0	0	0	0
1	2	0.500737	0.500371	0.947991	0.256439	0.481649	0.984419	0.451	0.571	0	0	0	0
1	2	0.252995	0.377966	0.514144	0.142974	0.364639	0.550386	0.3	0.361	0	0	0	0
1	3	0	0	0	0	0	0	0	0	0.211	0.18	0.4055	0.601
1	2	0.26381	0.438772	0.905239	0.229978	0.516011	0.900102	0.421	0.571	0	0	0	0
1	1	0.3031	0.427342	0.855807	0.173886	0.439124	0.941929	0.421	0.421	0	0	0	0
1	1	0.2109	0.353614	0.965821	0.111709	0.35472	0.980523	0.361	0.361	0	0	0	0
1	1	0.187205	0.369979	0.796971	0.108268	0.350656	0.910645	0.361	0.361	0	0	0	0
1	1	0.166623	0.402985	0.691171	0.0846082	0.401963	0.483638	0.421	0.421	0	0	0	0
1	1	0.113639	0.400042	0.491436	0.0593377	0.40414	0.166869	0.391	0.391	0	0	0	0
1	1	0.199684	0.408531	0.667972	0.107743	0.407397	0.460768	0.421	0.421	0	0	0	0
1	1	0.217833	0.453377	0.98823	0.119473	0.450933	0.993548	0.451	0.451	0	0	0	0
1	2	0.200819	0.333092	0.882535	0.271401	0.469668	0.983606	0.33	0.601	0	0	0	0
1	2	0.377168	0.539314	0.772098	0.176922	0.542539	0.746402	0.481	0.631	0	0	0	0
1	1	0.154695	0.384881	0.781825	0.077706	0.381668	0.636872	0.391	0.391	0	0	0	0
1	1	0.192898	0.397401	0.957382	0.060132	0.382568	0.854848	0.361	0.361	0	0	0	0
1	1	0.313999	0.62713	0.971289	0.0205015	0.620749	0.877189	0.631	0.631	0	0	0	0
1	1	0.173798	0.369821	0.996181	0.0958129	0.370439	0.981947	0.361	0.361	0	0	0	0
1	1	0.292405	0.290001	0.988523	0.159568	0.287763	0.992673	0.3	0.3	0	0	0	0
1	1	0.219786	0.382964	0.932136	0.116106	0.384311	0.889657	0.391	0.391	0	0	0	0
1	1	0.205888	0.261698	0.778352	0.112904	0.266475	0.828165	0.21	0.21	0	0	0	0
1	1	0.192049	0.380879	-0.190556	0.116714	0.371918	-0.0737449	0.3	0.3	0	0	0	0
1	1	0.208357	0.41186	0.873893	0.107255	0.405647	0.917939	0.421	0.421	0	0	0	0
1	1	0.121468	0.387706	0.710672	0.0648616	0.386424	-1.0173e+53	0.391	0.391	0	0	0	0
1	1	0.244805	0.455695	0.751198	0.109142	0.446252	0.607921	0.451	0.451	0	0	0	0
1	1	0.188026	0.41066	0.793207	0.106029	0.422689	0.690001	0.421	0.421	0	0	0	0
1	1	0.163221	0.365207	0.742927	0.0895392	0.366375	0.576086	0.361	0.361	0	0	0	0
1	1	0.394022	0.354313	0.982466	0.195305	0.36184	0.986341	0.33	0.33	0	0	0	0
1	1	0.139161	0.380625	0.995833	0.0721714	0.381762	0.979742	0.391	0.391	0	0	0	0
1	1	0.18742	0.36045	0.994529	0.10191	0.361334	0.989716	0.361	0.361	0	0	0	0
1	2	0.10534	0.408461	-2.37943e+53	0.0506471	0.430725	0.302533	0.12	0.421	0	0	0	0
1	1	0.193016	0.385865	0.919441	0.103076	0.381693	0.85723	0.391	0.391	0	0	0	0
1	1	0.171867	0.418811	0.989335	0.0935811	0.420649	0.984666	0.421	0.421	0	0	0	0
1	1	0.186662	0.313006	0.993902	0.0974014	0.311056	0.967396	0.3	0.3	0	0	0	0
1	1	0.241591	0.46113	0.988584	0.136144	0.45085	0.967746	0.451	0.451	0	0	0	0
1	1	0.204803	0.386902	0.971873	0.11078	0.39012	0.93406	0.391	0.391	0	0	0	0
1	1	0.129504	0.421511	0.994974	0.077922	0.420753	0.969497	0.421	0.421	0	0	0	0
1	1	0.185457	0.415322	0.524997	0.100164	0.415131	0.227369	0.421	0.421	0	0	0	0
1	2	0.53123	0.577471	0.621159	0.247307	0.507346	0.904826	0.421	0.691	0	0	0	0
1	1	0.277709	0.371045	0.723341	0.157671	0.382481	0.833967	0.361	0.361	0	0	0	0
1	1	0.189906	0.372944	0.615577	0.109395	0.363192	0.362761	0.391	0.391	0	0	0	0
1	1	0.181101	0.415234	0.995971	0.0973671	0.408838	0.945091	0.421	0.421	0	0	0	0
1	1	0.130488	0.391967	0.998912	0.0690328	0.393701	0.968366	0.391	0.391	0	0	0	0
1	1	0.229429	0.416511	-0.091934	0.125448	0.421966	0.241345	0.391	0.391	0	0	0	0
1	3	0	0	0	0	0	0	0	0	0.18	0.12	0.481	0.631
1	2	0.64	0.23496	0.471949	0.481	0.3905	0.356521	0.27	0.391	0	0	0	0
1	1	0.246692	0.416537	0.803824	0.132887	0.412521	0.698349	0.421	0.421	0	0	0	0
1	1	0.119108	0.392168	0.99956	0.0579687	0.390925	0.984529	0.391	0.391	0	0	0	0
1	1	0.184861	0.387472	0.968309	0.106709	0.382541	0.95277	0.361	0.361	0	0	0	0
1	2	0.612905	0.53324	-0.021387	0.113739	0.362185	-0.956677	0.391	0.661	0	0	0	0
1	2	0.123369	0.378215	-0.950267	0.282944	0.489519	0.250686	0.361	0.691	0	0	0	0
1	3	0	0	0	0	0	0	0	0	0.121	0.24	0.3005	0.481
1	1	0.263298	0.190392	0.988915	0.0288818	0.192996	0.942754	0.21	0.21	0	0	0	0
1	1	0.145368	0.405809	0.994784	0.0827003	0.412457	0.978855	0.391	0.391	0	0	0	0
1	1	0.297974	0.38322	0.718944	0.132786	0.395097	0.731672	0.361	0.361	0	0	0	0
1	2	0.472417	0.540032	0.738035	0.24501	0.508166	0.96963	0.391	0.631	0	0	0	0
1	1	0.173053	0.42126	0.990646	0.0488737	0.433148	-1.56008e+51	0.451	0.451	0	0	0	0
1	2	0.19688	0.15	-0.678954	0.481	0.3905	-0.000431381	0.12	0.631	0	0	0	0
1	6	0	0	0	0	0	0	0	0	0	0	0	0
1	1	0.218328	0.428743	0.885826	0.116186	0.426964	0.610123	0.451	0.451	0	0	0	0
1	1	0.117359	0.380975	0.983221	0.0629921	0.381882	0.961315	0.391	0.391	0	0	0	0
1	1	0.122416	0.380344	0.282543	0.070308	0.371043	0.22937	0.391	0.391	0	0	0	0
1	1	0.237623	0.41929	0.947886	0.130609	0.415764	0.978789	0.421	0.421	0	0	0	0
1	1	0.250083	0.373844	0.896575	0.137818	0.363964	0.854892	0.421	0.421	0	0	0	0
1	1	0.224414	0.380971	0.964095	0.121606	0.389565	0.956972	0.391	0.391	0	0	0	0
1	1	0.116225	0.388168	0.989283	0.062246	0.386757	0.958156	0.391	0.391	0	0	0	0
1	0	0	0	0	0	0	0	0	0	0	0	0	0
1	2	0.131944	0.405225	-0.297738	0.43649	0.412755	0.495542	0.391	0.691	0	0	0	0
1	1	0.170033	0.388736	0.849589	0.0998854	0.397776	0.772507	0.361	0.361	0	0	0	0
1	1	0.150479	0.409528	0.819523	0.0760459	0.411345	0.509572	0.391	0.391	0	0	0	0
1	1	0.255913	0.297489	0.983887	0.133579	0.301275	0.991942	0.3	0.3	0	0	0	0
1	0	0	0	0	0	0	0	0	0	0	0	0	0
1	1	0.217792	0.356534	0.928875	0.12732	0.338565	0.84423	0.391	0.391	0	0	0	0
1	2	0.395388	0.236707	0.639983	0.237925	0.279308	0.995489	0.15	0.391	0	0	0	0
1	1	0.156727	0.376205	0.587159	0.0982328	0.366814	0.339875	0.33	0.33	0	0	0	0
1	2	0.120222	0.398646	0.559092	0.23391	0.514045	0.933349	0.391	0.661	0	0	0	0
1	1	0.1964	0.399889	0.991299	0.108806	0.403968	0.988744	0.391	0.391	0	0	0	0
1	1	0.214276	0.381121	0.529427	0.109936	0.382086	-0.197235	0.391	0.391	0	0	0	0
1	2	0.64	0.18371	0.524569	0.263645	0.281822	0.731238	0.24	0.421	0	0	0	0
1	1	0.114187	0.373941	0.989049	0.0634165	0.373844	0.991852	0.361	0.361	0	0	0	0
1	2	0.113503	0.439725	-0.637084	0.255379	0.50331	0.574219	0.451	0.691	0	0	0	0
1	1	0.21391	0.338512	0.732727	0.107937	0.341547	0.714587	0.3	0.3	0	0	0	0
1	1	0.206218	0.442967	0.93106	0.1161	0.436759	0.960892	0.451	0.451	0	0	0	0
1	1	0.156774	0.393405	0.961305	0.084621	0.388943	0.833019	0.391	0.391	0	0	0	0
1	1	0.525685	0.15	0.549772	0.251635	0.275817	0.778982	0.421	0.421	0	0	0	0
1	2	0.128086	0.410327	0.818504	0.0639236	0.400446	0.508753	0.421	0.691	0	0	0	0
1	1	0.240006	0.383094	0.953583	0.127425	0.385872	0.854903	0.391	0.391	0	0	0	0
1	2	0.212698	0.508716	0.810074	0.358169	0.329085	0.892664	0.15	0.481	0	0	0	0
1	1	0.207867	0.391534	0.824057	0.105607	0.384201	0.710663	0.391	0.391	0	0	0	0
1	1	0.138801	0.425791	0.999678	0.0764957	0.422462	0.987849	0.421	0.421	0	0	0	0
1	1	0.418828	0.410411	0.962552	0.0428203	0.395651	-2.2002e+52	0.391	0.391	0	0	0	0
1	2	0.47585	0.354371	0.918006	0.245081	0.354187	0.965241	0.27	0.451	0	0	0	0
1	1	0.191267	0.425735	0.989652	0.104389	0.423425	0.964905	0.451	0.451	0	0	0	0
1	1	0.164673	0.35485	0.739705	0.093259	0.357719	0.564075	0.361	0.361	0	0	0	0
1	2	0.511236	0.311963	0.739036	0.280121	0.361681	0.979686	0.24	0.481	0	0	0	0
1	1	0.15428	0.399285	0.989758	0.077163	0.399292	0.954126	0.391	0.391	0	0	0	0
1	1	0.119347	0.371576	0.448024	0.0679352	0.375256	-8.44669e+52	0.361	0.361	0	0	0	0
1	1	0.1922	0.425272	0.814232	0.118559	0.456135	0.721914	0.391	0.391	0	0	0	0
1	1	0.245891	0.403421	0.9558	0.143837	0.409575	0.943692	0.361	0.361	0	0	0	0
1	1	0.11283	0.403397	0.998264	0.0608883	0.403153	0.98799	0.421	0.421	0	0	0	0
1	1	0.170751	0.333701	0.995771	0.0943321	0.336233	0.979284	0.33	0.33	0	0	0	0
1	1	0.178417	0.364677	0.976727	0.0927054	0.362631	0.972763	0.361	0.361	0	0	0	0
1	1	0.148586	0.39487	0.849375	0.0737727	0.398309	0.739497	0.391	0.391	0	0	0	0
1	2	0.211355	0.283292	0.961985	0.122897	0.294123	0.996396	0.24	0.33	0	0	0	0
1	1	0.395766	0.460711	0.907118	0.217746	0.464771	0.355276	0.481	0.481	0	0	0	0
1	1	0.203503	0.408186	0.984528	0.0672897	0.422587	0.919077	0.421	0.421	0	0	0	0
1	2	0.34274	0.435811	0.954989	0.188041	0.415638	0.997312	0.361	0.451	0	0	0	0
1	2	0.358573	0.469344	0.623319	0.225973	0.518013	0.742106	0.451	0.571	0	0	0	0
1	1	0.119645	0.386914	0.999663	0.0630656	0.386484	0.989012	0.391	0.391	0	0	0	0
1	1	0.157593	0.386542	0.913207	0.0827165	0.388025	0.93074	0.391	0.391	0	0	0	0
1	1	0.21887	0.397955	0.726113	0.0315802	0.407064	0.476591	0.421	0.421	0	0	0	0
1	1	0.108658	0.385783	0.999443	0.0577198	0.386064	0.988449	0.391	0.391	0	0	0	0
1	1	0.156476	0.406886	0.461536	0.0832417	0.40558	0.110497	0.421	0.421	0	0	0	0
1	2	0.171101	0.15	0.426665	0.310527	0.305263	0.986205	0.15	0.481	0	0	0	0
1	2	0.162572	0.631	0.755629	0.257477	0.502261	0.681066	0.12	0.601	0	0	0	0
1	0	0	0	0	0	0	0	0	0	0	0	0	0
1	1	0.131955	0.419624	0.997613	0.0762304	0.424453	0.980195	0.421	0.421	0	0	0	0
1	1	0.167544	0.470804	0.986077	0.0953829	0.470824	0.986343	0.481	0.481	0	0	0	0
1	1	0.226649	0.542264	0.993562	0.0229056	0.551933	-7.88835e+51	0.541	0.541	0	0	0	0
1	1	0.152606	0.420369	0.99736	0.0802083	0.421842	0.994846	0.421	0.421	0	0	0	0
1	1	0.110135	0.387266	0.722073	0.0542705	0.386872	-5.52548e+50	0.391	0.391	0	0	0	0
1	1	0.165072	0.360104	0.974279	0.0836818	0.358258	0.959052	0.33	0.33	0	0	0	0
1	1	0.474223	0.61821	0.929137	0.0623711	0.599814	0.750406	0.631	0.631	0	0	0	0
1	1	0.153224	0.375056	0.998785	0.0851119	0.373661	0.995849	0.361	0.361	0	0	0	0
1	1	0.0968721	0.390686	0.999761	0.050751	0.39103	0.988088	0.391	0.391	0	0	0	0
1	1	0.135019	0.387438	0.998963	0.0700488	0.385047	0.991487	0.391	0.391	0	0	0	0
1	1	0.155283	0.389998	0.998107	0.08569	0.391985	0.998034	0.391	0.391	0	0	0	0
1	1	0.103958	0.384357	0.997505	0.053566	0.387265	0.977958	0.391	0.391	0	0	0	0
1	1	0.0936056	0.389861	0.9767	0.0641281	0.372498	0.988616	0.391	0.391	0	0	0	0
1	1	0.160845	0.429937	0.999287	0.0893327	0.428876	0.987793	0.421	0.421	0	0	0	0
1	1	0.169849	0.38213	0.99522	0.0919766	0.38247	0.99704	0.391	0.391	0	0	0	0
1	1	0.15239	0.40727	0.998798	0.0821844	0.403504	0.989854	0.421	0.421	0	0	0	0
1	1	0.12537	0.423764	0.998803	0.0649665	0.424871	0.98444	0.421	0.421	0	0	0	0
1	1	0.168117	0.440636	0.98597	0.0861631	0.44222	0.968642	0.421	0.421	0	0	0	0
1	1	0.114309	0.349829	0.998705	0.0608344	0.350419	0.995033	0.361	0.361	0	0	0	0
1	1	0.119108	0.401451	0.997631	0.0668932	0.398639	0.994906	0.391	0.391	0	0	0	0
1	1	0.202549	0.409883	0.986997	0.115838	0.402667	0.966658	0.421	0.421	0	0	0	0
