3.517	3.102	129.13	0.206	1.296	0.202	1.076	0.21404	0.37799	0	0	0	0	0	0	0	0.62459	0.53448	0.85574	0	0	0	0	0	0	0	0	1	0	1	0.13369	0.1144	0	0	0	0	0.4163	0.42579	0	1	1	0.21404	0.37799	0.9802	0.064248	0.36185	0.93338	0.36	0.36	0	0	0	0	0	1	1	0.13369	0.4163	0.99896	0.074505	0.41955	0.9833	0.42	0.42	0	0	0	0	0	1	1	0.1144	0.42579	0.99974	0.061254	0.42535	0.98908	0.42	0.42	0	0	0	0	0	0	0	0	0	0	0	0	0	0	0	0	0	0	0	0	0	0	0	0	0	0	0	0	0	0	0	0	0	0	0	0	0
30.472	4.72	102.82	0.017	0.166	0.131	0.157	0	0	0	0	0	0	0	0	0	0	0	0.68917	1	0	0	0	0	0	0	0	1	0	0	0.13533	0.19636	0	0	0	0	0.40271	0.31123	0	1	1	0.13937	0.38362	0.97578	0.06975	0.3837	0.95507	0.39	0.39	0	0	0	0	0	1	1	0.13533	0.40271	0.99901	0.069354	0.40306	0.99128	0.42	0.42	0	0	0	0	0	1	2	0.33188	0.30382	0.79517	0.19636	0.31123	0.99426	0.21	0.42	0	0	0	0	0	0	0	0	0	0	0	0	0	0	0	0	0	0	0	0	0	0	0	0	0	0	0	0	0	0	0	0	0	0	0	0	0
30.289	4.962	34.895	0.034	0.28	0.155	0.157	0.14099	0.38367	0	0	0	0	0	0	0	1.2295	0.80546	0.65509	1	0	0	0	0	0	0	0	1	0	1	0.17335	0.11356	0	0	0	0	0.37553	0.38073	0	1	1	0.14099	0.38367	0.99765	0.07504	0.38678	0.95983	0.39	0.39	0	0	0	0	0	1	1	0.17335	0.37553	0.99549	0.093156	0.37557	0.95791	0.39	0.39	0	0	0	0	0	1	1	0.11356	0.38073	0.99962	0.061444	0.38161	0.99042	0.39	0.39	0	0	0	0	0	0	0	0	0	0	0	0	0	0	0	0	0	0	0	0	0	0	0	0	0	0	0	0	0	0	0	0	0	0	0	0	0
27.283	5.708	48.456	0.364	1.74	0.267	1.595	0.12005	0.39183	0	0	0	0	0	0	0	1.0152	1.2182	0.83335	0	0	0	0	0	0	0	0	2	1	0	0.12187	0.14624	0	0	0	0	0.43144	0.3288	0	1	2	0.20377	0.40172	0.96774	0.12005	0.39183	0.99967	0.36	0.45	0	0	0	0	0	1	1	0.12187	0.43144	0.99989	0.064452	0.43129	0.99357	0.42	0.42	0	0	0	0	0	1	1	0.14624	0.3288	0.99894	0.078413	0.32902	0.98982	0.33	0.33	0	0	0	0	0	0	0	0	0	0	0	0	0	0	0	0	0	0	0	0	0	0	0	0	0	0	0	0	0	0	0	0	0	0	0	0	0
28.747	6.616	56.205	0.198	1.036	0.243	0.924	0.19892	0.34277	0	0	0	0	0	0	0	0.71082	0.72371	0.98218	0	0	0	0	0	0	0	0	1	0	1	0.1414	0.14396	0	0	0	0	0.44173	0.44473	0	1	1	0.19892	0.34277	0.98949	0.011066	0.34654	0.91142	0.36	0.36	0	0	0	0	0	1	1	0.1414	0.44173	0.99928	0.076747	0.44502	0.99455	0.45	0.45	0	0	0	0	0	1	1	0.14396	0.44473	0.99776	0.077409	0.44585	0.98941	0.45	0.45	0	0	0	0	0	0	0	0	0	0	0	0	0	0	0	0	0	0	0	0	0	0	0	0	0	0	0	0	0	0	0	0	0	0	0	0	0
27.7	7.814	16.869	0.059	0.429	0.176	0.235	0	0	0	0	0	0	0	0	0	0	0	0	0	0	0	0	0	0	0	0	1	0	0	0	0.13606	0	0	0	0	0	0.38857	0	1	1	0.19829	0.37255	0.96234	0.10613	0.37845	-Inf	0.39	0.39	0	0	0	0	0	1	1	0.14921	0.37399	0.93807	0.081906	0.37011	0.90651	0.36	0.36	0	0	0	0	0	1	1	0.13606	0.38857	0.99883	0.070565	0.3861	0.99294	0.39	0.39	0	0	0	0	0	0	0	0	0	0	0	0	0	0	0	0	0	0	0	0	0	0	0	0	0	0	0	0	0	0	0	0	0	0	0	0	0
28.177	8.11	5.181	0.044	0.356	0.158	0.18	0.1427	0.38815	0	0	0	0	0	0	0	0.93844	0.89403	0.95268	1	0	0	0	0	0	0	0	1	0	1	0.13392	0.12758	0	0	0	0	0.40191	0.40345	0	1	1	0.1427	0.38815	0.99927	0.077055	0.38762	0.98883	0.39	0.39	0	0	0	0	0	1	1	0.13392	0.40191	0.99852	0.069813	0.40163	0.99249	0.39	0.39	0	0	0	0	0	1	1	0.12758	0.40345	0.99862	0.06621	0.40363	0.9905	0.42	0.42	0	0	0	0	0	0	0	0	0	0	0	0	0	0	0	0	0	0	0	0	0	0	0	0	0	0	0	0	0	0	0	0	0	0	0	0	0
25.162	9.735	39.824	0.724	4.015	0.23	3.948	0.18203	0.39076	0	0	0	0	0	0	0	0.89834	0.44082	0.4907	0	0	0	0	0	0	0	0	1	0	1	0.16353	0.080242	0	0	0	0	0.36501	0.53747	0	1	1	0.18203	0.39076	0.98822	0.10036	0.39063	0.9998	0.39	0.39	0	0	0	0	0	1	1	0.16353	0.36501	0.99938	0.090018	0.36675	0.98248	0.36	0.36	0	0	0	0	0	1	1	0.080242	0.53747	0.99601	0.040835	0.5355	0.99723	0.54	0.54	0	0	0	0	0	0	0	0	0	0	0	0	0	0	0	0	0	0	0	0	0	0	0	0	0	0	0	0	0	0	0	0	0	0	0	0	0
26.74	9.242	41.803	0.326	1.271	0.326	1.298	0.20164	0.35147	0	0	0	0	0	0	0	0.70086	0.76452	0.91674	0	0	0	0	0	0	0	0	2	1	0	0.14132	0.15415	0	0	0	0	0.49629	0.39289	0	1	2	0.34637	0.37455	0.86775	0.20164	0.35147	0.97657	0.21	0.45	0	0	0	0	0	1	1	0.14132	0.49629	0.99818	0.073467	0.49683	0.99441	0.51	0.51	0	0	0	0	0	1	1	0.15415	0.39289	0.99877	0.084241	0.39231	0.99448	0.39	0.39	0	0	0	0	0	0	0	0	0	0	0	0	0	0	0	0	0	0	0	0	0	0	0	0	0	0	0	0	0	0	0	0	0	0	0	0	0
24.694	10.736	36.358	0.028	0.252	0.141	0.115	0.11815	0.37839	0	0	0	0	0	0	0	1.011	0.92619	0.91613	1	0	0	0	0	0	0	0	1	0	1	0.11945	0.10943	0	0	0	0	0.37339	0.38623	0	1	1	0.11815	0.37839	0.9993	0.063155	0.37922	0.98657	0.39	0.39	0	0	0	0	0	1	1	0.11945	0.37339	0.99973	0.064276	0.37338	0.99446	0.36	0.36	0	0	0	0	0	1	1	0.10943	0.38623	0.99913	0.055869	0.38798	0.98862	0.39	0.39	0	0	0	0	0	0	0	0	0	0	0	0	0	0	0	0	0	0	0	0	0	0	0	0	0	0	0	0	0	0	0	0	0	0	0	0	0
24.157	13.75	0	0.019	0.155	0.155	0.03	0.13992	0.3926	0	0	0	0	0	0	0	1.0241	0.93277	0.91078	1	0	0	0	0	0	0	0	1	0	1	0.1433	0.13052	0	0	0	0	0.39789	0.38747	0	1	1	0.13992	0.3926	0.99167	0.077625	0.39526	0.96641	0.39	0.39	0	0	0	0	0	1	1	0.1433	0.39789	0.99678	0.073555	0.39911	0.98394	0.39	0.39	0	0	0	0	0	1	1	0.13052	0.38747	0.99046	0.077284	0.39326	0.9636	0.39	0.39	0	0	0	0	0	0	0	0	0	0	0	0	0	0	0	0	0	0	0	0	0	0	0	0	0	0	0	0	0	0	0	0	0	0	0	0	0
22.256	14.158	45.001	0.013	0.14	0.123	0	0.10942	0.40049	0	0	0	0	0	0	0	0.96274	1.0161	0.9475	1	0	0	0	0	0	0	0	1	0	1	0.10534	0.11118	0	0	0	0	0.37991	0.37758	0	1	1	0.10942	0.40049	0.99979	0.059683	0.39975	0.99227	0.39	0.39	0	0	0	0	0	1	1	0.10534	0.37991	0.99975	0.058541	0.38132	0.99284	0.39	0.39	0	0	0	0	0	1	1	0.11118	0.37758	0.99981	0.060393	0.37745	0.99353	0.39	0.39	0	0	0	0	0	0	0	0	0	0	0	0	0	0	0	0	0	0	0	0	0	0	0	0	0	0	0	0	0	0	0	0	0	0	0	0	0
5.788	14.408	167.73	0.031	0.254	0.154	0.03	0.14586	0.42955	0	0	0	0	0	0	0	0.94272	0.96336	0.97857	1	0	0	0	0	0	0	0	1	0	1	0.13751	0.14052	0	0	0	0	0.43483	0.4114	0	1	1	0.14586	0.42955	0.99641	0.077892	0.42725	0.99073	0.42	0.42	0	0	0	0	0	1	1	0.13751	0.43483	0.99793	0.07117	0.43674	0.99284	0.45	0.45	0	0	0	0	0	1	1	0.14052	0.4114	0.99738	0.076565	0.41233	0.99325	0.39	0.39	0	0	0	0	0	0	0	0	0	0	0	0	0	0	0	0	0	0	0	0	0	0	0	0	0	0	0	0	0	0	0	0	0	0	0	0	0
20.903	15.16	66.891	0.016	0.168	0.123	0.042	0	0	0	0	0	0	0	0	0	0	0	0	1	0	0	0	0	0	0	0	1	0	0	0	0	0	0	0	0	0	0	0	1	1	0.14178	0.41346	0.62819	0.064589	0.40598	0.38585	0.39	0.39	0	0	0	0	0	1	1	0.12469	0.4265	0.72239	0.065988	0.4279	0.55085	0.42	0.42	0	0	0	0	0	1	2	0.065885	0.40156	-0.18852	0.055802	0.37971	-0.499	0.39	0.66	0	0	0	0	0	0	0	0	0	0	0	0	0	0	0	0	0	0	0	0	0	0	0	0	0	0	0	0	0	0	0	0	0	0	0	0	0
19.799	16.57	37.276	0.644	3.149	0.26	4.086	0.17308	0.45605	0	0	0	0	0	0	0	0.85675	0.89779	0.9543	0	0	0	0	0	0	0	0	1	0	1	0.14829	0.15539	0	0	0	0	0.30766	0.31054	0	1	1	0.17308	0.45605	0.998	0.093993	0.45719	0.99013	0.45	0.45	0	0	0	0	0	1	1	0.14829	0.30766	0.99482	0.079463	0.3041	0.98791	0.3	0.3	0	0	0	0	0	1	1	0.15539	0.31054	0.9957	0.085367	0.31231	0.99766	0.33	0.33	0	0	0	0	0	0	0	0	0	0	0	0	0	0	0	0	0	0	0	0	0	0	0	0	0	0	0	0	0	0	0	0	0	0	0	0	0
16.925	18.44	33.056	0.521	2.859	0.232	2.731	0	0	0	0	0	0	0	0	0	0	0	0.98534	0	0	0	0	0	0	0	0	1	0	0	0.13243	0.1344	0	0	0	0	0.43753	0.34493	0	1	1	0.19745	0.44341	0.96597	0.065101	0.45813	0.90865	0.48	0.48	0	0	0	0	0	1	1	0.13243	0.43753	0.99973	0.068885	0.43765	0.99394	0.45	0.45	0	0	0	0	0	1	1	0.1344	0.34493	0.99893	0.071659	0.34525	0.99309	0.36	0.36	0	0	0	0	0	0	0	0	0	0	0	0	0	0	0	0	0	0	0	0	0	0	0	0	0	0	0	0	0	0	0	0	0	0	0	0	0
14.572	19.101	45.001	0.013	0.14	0.123	0	0.11153	0.38163	0	0	0	0	0	0	0	0.9594	0.98864	0.97042	1	0	0	0	0	0	0	0	1	0	1	0.107	0.11026	0	0	0	0	0.37769	0.38516	0	1	1	0.11153	0.38163	0.99994	0.060688	0.38284	0.99125	0.39	0.39	0	0	0	0	0	1	1	0.107	0.37769	0.99994	0.059254	0.37824	-2.196e+47	0.39	0.39	0	0	0	0	0	1	1	0.11026	0.38516	0.99984	0.057042	0.38808	0.99039	0.39	0.39	0	0	0	0	0	0	0	0	0	0	0	0	0	0	0	0	0	0	0	0	0	0	0	0	0	0	0	0	0	0	0	0	0	0	0	0	0
15.52	19.224	23.109	0.016	0.168	0.123	0	0.1186	0.38831	0	0	0	0	0	0	0	1.0128	1.013	0.99984	1	0	0	0	0	0	0	0	1	0	1	0.12012	0.12014	0	0	0	0	0.3986	0.39419	0	1	1	0.1186	0.38831	0.999	0.0591	0.38927	0.98578	0.39	0.39	0	0	0	0	0	1	1	0.12012	0.3986	0.9985	0.064714	0.3985	0.99532	0.39	0.39	0	0	0	0	0	1	1	0.12014	0.39419	0.99889	0.064759	0.3965	0.98291	0.39	0.39	0	0	0	0	0	0	0	0	0	0	0	0	0	0	0	0	0	0	0	0	0	0	0	0	0	0	0	0	0	0	0	0	0	0	0	0	0
13.426	20.549	61.86	0.133	0.786	0.216	0.549	0	0	0	0	0	0	0	0	0	0	0	0.98739	0	0	0	0	0	0	0	0	1	0	0	0.15414	0.15219	0	0	0	0	0.398	0.35112	0	1	1	0.17709	0.38098	0.97734	0.10289	0.38419	0.98986	0.36	0.36	0	0	0	0	0	1	1	0.15414	0.398	0.99108	0.085181	0.40764	0.99898	0.42	0.42	0	0	0	0	0	1	1	0.15219	0.35112	0.99828	0.082206	0.35198	0.99344	0.36	0.36	0	0	0	0	0	0	0	0	0	0	0	0	0	0	0	0	0	0	0	0	0	0	0	0	0	0	0	0	0	0	0	0	0	0	0	0	0
4.484	20.663	23.109	0.016	0.168	0.123	0	0.098755	0.3926	0	0	0	0	0	1	0	0.98741	0.96732	0.97965	1	0	0	0	0	0	0	0	1	0	1	0.097512	0.095528	0	0	0	0	0.38831	0.40168	0	1	1	0.098755	0.3926	0.99798	0.051907	0.39146	-1.4358e+45	0.39	0.39	0	0	0	0	0	1	1	0.097512	0.38831	0.99787	0.051293	0.3882	-1.8469e+46	0.39	0.39	0	0	0	0	0	1	1	0.095528	0.40168	0.99852	0.056652	0.401	-1.6037e+48	0.39	0.39	0	0	0	0	0	0	0	0	0	0	0	0	0	0	0	0	0	0	0	0	0	0	0	0	0	0	0	0	0	0	0	0	0	0	0	0	0
2.11	21.001	23.255	0.049	0.359	0.175	0.175	0.15479	0.38416	0	0	0	0	0	0	0	0.75159	0.88828	0.84612	1	0	0	0	0	0	0	0	1	0	1	0.11633	0.13749	0	0	0	0	0.38642	0.39028	0	1	1	0.15479	0.38416	0.99713	0.082289	0.38645	0.9855	0.39	0.39	0	0	0	0	0	1	1	0.11633	0.38642	0.99877	0.058434	0.38726	0.99249	0.39	0.39	0	0	0	0	0	1	1	0.13749	0.39028	0.99949	0.073534	0.39153	0.99362	0.39	0.39	0	0	0	0	0	0	0	0	0	0	0	0	0	0	0	0	0	0	0	0	0	0	0	0	0	0	0	0	0	0	0	0	0	0	0	0	0
13.121	21.338	45.001	0.021	0.178	0.148	0.549	0.15054	0.36577	0	0	0	0	0	0	0	0.82188	0.9961	0.8251	1	0	0	0	0	0	0	0	1	0	1	0.12373	0.14995	0	0	0	0	0.38344	0.39055	0	1	1	0.15054	0.36577	0.99838	0.080358	0.36212	0.97961	0.36	0.36	0	0	0	0	0	1	1	0.12373	0.38344	0.99915	0.063928	0.38211	0.98745	0.39	0.39	0	0	0	0	0	1	1	0.14995	0.39055	0.99925	0.078649	0.39067	0.99194	0.39	0.39	0	0	0	0	0	0	0	0	0	0	0	0	0	0	0	0	0	0	0	0	0	0	0	0	0	0	0	0	0	0	0	0	0	0	0	0	0
12.27	22.551	69.041	0.036	0.261	0.176	0	0.14958	0.40756	0	0	0	0	0	0	0	1.0378	0.9752	0.93964	1	0	0	0	0	0	0	0	1	0	1	0.15524	0.14587	0	0	0	0	0.38884	0.38183	0	1	1	0.14958	0.40756	0.99896	0.080605	0.40948	0.99248	0.42	0.42	0	0	0	0	0	1	1	0.15524	0.38884	0.99296	0.079597	0.39033	0.98852	0.39	0.39	0	0	0	0	0	1	1	0.14587	0.38183	0.99908	0.079913	0.38251	0.99312	0.39	0.39	0	0	0	0	0	0	0	0	0	0	0	0	0	0	0	0	0	0	0	0	0	0	0	0	0	0	0	0	0	0	0	0	0	0	0	0	0
7.434	22.722	179.7	0.296	1.767	0.213	1.464	0.1854	0.40245	0	0	0	0	0	0	0	0.70936	0.69989	0.98665	0	0	0	0	0	0	0	0	1	0	1	0.13152	0.12976	0	0	0	0	0.43198	0.44062	0	1	1	0.1854	0.40245	0.98716	0.099667	0.40319	0.99819	0.42	0.42	0	0	0	0	0	1	1	0.13152	0.43198	0.99951	0.068201	0.43214	0.98952	0.42	0.42	0	0	0	0	0	1	1	0.12976	0.44062	0.99725	0.06837	0.43895	0.98982	0.42	0.42	0	0	0	0	0	0	0	0	0	0	0	0	0	0	0	0	0	0	0	0	0	0	0	0	0	0	0	0	0	0	0	0	0	0	0	0	0
4.394	22.797	0	0.016	0.16	0.129	0	0.1059	0.37927	0	0	0	0	0	0	0	0.94951	1.0136	0.93675	1	0	0	0	0	0	0	0	1	0	1	0.10055	0.10734	0	0	0	0	0.37213	0.38356	0	1	1	0.1059	0.37927	0.99985	0.058802	0.38063	0.99161	0.39	0.39	0	0	0	0	0	1	1	0.10055	0.37213	0.99945	0.056442	0.37001	0.99082	0.36	0.36	0	0	0	0	0	1	1	0.10734	0.38356	0.99963	0.058536	0.38481	0.98786	0.39	0.39	0	0	0	0	0	0	0	0	0	0	0	0	0	0	0	0	0	0	0	0	0	0	0	0	0	0	0	0	0	0	0	0	0	0	0	0	0
11.684	24.244	45	0.02	0.167	0.151	0	0.13328	0.38602	0	0	0	0	0	0	0	0.94813	1.0039	0.94448	1	0	0	0	0	0	0	0	1	0	1	0.12637	0.1338	0	0	0	0	0.38223	0.39054	0	1	1	0.13328	0.38602	0.99879	0.070799	0.38926	0.99338	0.39	0.39	0	0	0	0	0	1	1	0.12637	0.38223	0.99905	0.064522	0.38241	0.99562	0.39	0.39	0	0	0	0	0	1	1	0.1338	0.39054	0.99921	0.070226	0.39248	0.99399	0.39	0.39	0	0	0	0	0	0	0	0	0	0	0	0	0	0	0	0	0	0	0	0	0	0	0	0	0	0	0	0	0	0	0	0	0	0	0	0	0
1.655	26.637	27.016	0.057	0.327	0.221	0.102	0	0	0	0	0	0	0	0	0	0	0	0.99724	0	0	0	0	0	0	0	0	1	0	0	0.16455	0.165	0	0	0	0	0.36392	0.39377	0	1	1	0.19846	0.3841	0.9611	0.11209	0.38953	0.99755	0.42	0.42	0	0	0	0	0	1	1	0.16455	0.36392	0.99584	0.088764	0.36274	0.99646	0.36	0.36	0	0	0	0	0	1	1	0.165	0.39377	0.99447	0.090671	0.3943	0.99713	0.39	0.39	0	0	0	0	0	0	0	0	0	0	0	0	0	0	0	0	0	0	0	0	0	0	0	0	0	0	0	0	0	0	0	0	0	0	0	0	0
8.229	30.647	12.821	0.017	0.166	0.131	0.03	0.10203	0.37363	0	0	0	0	0	0	0	1.0958	0.93833	0.85633	1	0	0	0	0	0	0	0	1	0	1	0.1118	0.095741	0	0	0	0	0.39783	0.38574	0	1	1	0.10203	0.37363	0.99711	0.053426	0.36916	0.98559	0.39	0.39	0	0	0	0	0	1	1	0.1118	0.39783	0.99339	0.052681	0.39433	0.97732	0.39	0.39	0	0	0	0	0	1	1	0.095741	0.38574	0.99734	0.051367	0.39082	0.97952	0.39	0.39	0	0	0	0	0	0	0	0	0	0	0	0	0	0	0	0	0	0	0	0	0	0	0	0	0	0	0	0	0	0	1	0	0	0	0	0	0
