 	x	1	2	3	4	5	6	7	8	9	10	11	12	13	14	15	16	17	18	19	20	21	22	23	24	25	26	27	28	29	30	31	32	33
1	0.030	1.836	0.000	0.000	0.000	0.000	48.202	0.000	0.000	0.000	0.000	0.000	0.000	0.196	0.000	10.520	0.000	0.000	0.000	0.000	0.000	50.909	0.000	0.000	9.772	0.000	0.000	0.000	0.000	35.031	0.000	0.000	0.000	0.000
2	0.060	9.097	0.000	0.000	0.000	0.000	44.782	0.000	0.000	0.000	0.000	0.000	0.000	0.000	0.000	4.762	0.000	0.000	0.000	0.000	0.000	49.691	0.000	0.000	3.447	0.000	0.000	0.000	0.000	19.076	0.000	0.000	0.000	0.000
3	0.090	19.766	0.000	0.000	0.000	0.000	35.250	0.000	0.000	0.000	0.000	0.000	0.000	0.000	0.761	0.892	0.000	0.000	0.000	0.000	0.000	49.530	0.000	0.000	0.127	0.000	0.000	0.000	0.000	9.112	0.000	0.000	0.000	0.000
4	0.120	32.624	0.000	0.000	0.000	0.000	21.781	0.000	0.000	0.000	0.000	0.000	0.000	0.000	8.304	0.000	0.000	0.000	0.000	0.000	0.000	49.223	0.000	0.000	0.000	0.000	0.000	0.000	0.000	3.923	0.000	0.000	0.000	0.000
5	0.150	45.727	0.000	0.000	0.000	0.000	11.585	0.000	0.000	0.000	0.000	0.000	0.000	0.000	15.748	0.000	0.000	0.000	0.000	0.000	0.000	47.483	0.000	3.098	0.000	0.000	0.000	0.000	0.000	0.045	0.000	0.000	0.000	0.000
6	0.180	55.013	0.000	0.000	0.000	0.031	5.656	0.011	0.000	0.000	0.000	0.000	0.000	0.000	28.053	0.000	0.000	0.000	0.000	0.000	0.000	45.302	0.000	14.726	0.000	0.068	0.000	0.000	0.000	0.000	0.000	0.000	0.000	0.000
7	0.210	60.834	0.000	0.014	0.000	2.464	1.758	0.684	0.010	0.000	0.055	0.000	0.417	0.652	44.593	0.028	0.036	0.000	0.000	0.638	0.108	44.529	0.056	31.164	0.070	0.961	0.000	0.000	0.000	0.098	0.615	0.056	0.111	0.012
8	0.240	64.161	0.421	0.370	0.203	6.254	0.278	2.908	0.860	0.740	1.173	0.000	2.304	2.203	58.672	0.741	1.398	0.000	0.000	2.218	1.457	44.424	1.469	46.074	1.871	3.022	0.172	0.000	0.004	3.031	2.129	1.547	1.703	0.420
9	0.270	66.620	1.552	1.822	2.069	14.347	2.566	9.654	5.480	2.900	5.270	0.193	5.997	6.040	65.847	3.461	5.625	0.000	0.788	4.932	3.593	43.391	3.854	56.043	5.213	8.525	2.532	5.700	0.148	6.735	3.465	3.443	3.979	1.443
10	0.300	65.149	3.708	6.655	7.018	28.494	8.136	24.517	15.953	6.521	13.151	2.106	12.945	14.020	64.445	11.229	15.533	3.400	3.015	9.877	7.620	41.034	10.192	59.953	13.615	16.852	7.344	10.900	1.180	14.280	6.021	7.245	7.910	5.244
11	0.330	59.895	7.044	16.980	15.988	43.025	16.685	41.257	26.870	12.580	22.264	7.174	22.348	25.823	53.186	25.740	29.957	8.300	6.846	16.790	13.894	39.942	22.897	60.781	27.978	26.697	14.288	17.100	4.824	29.544	9.278	14.325	13.869	13.501
12	0.360	51.691	10.757	26.655	24.844	52.112	25.055	50.056	30.516	21.214	27.221	15.464	29.545	35.869	36.326	36.953	42.002	15.800	13.382	21.784	20.645	38.346	36.651	60.546	40.546	35.712	18.728	21.300	12.500	46.906	11.310	21.532	20.118	21.373
13	0.390	41.862	12.804	28.012	26.566	52.491	29.100	47.772	25.170	27.231	27.989	21.254	30.309	41.037	20.848	35.120	45.740	19.700	19.725	22.029	22.245	37.137	41.913	60.797	43.793	42.676	17.324	22.300	21.796	55.502	11.459	25.002	23.905	21.406
14	0.420	31.751	11.312	19.838	20.029	43.844	26.115	36.582	15.332	24.168	26.163	18.713	23.047	40.578	11.160	22.183	40.186	14.500	20.749	16.976	20.040	33.985	33.215	60.019	34.903	45.606	11.528	19.800	30.852	47.745	10.068	22.952	23.068	14.163
15	0.450	22.223	8.897	10.279	10.347	29.441	17.874	21.293	6.292	13.965	22.494	9.796	14.104	33.162	4.194	9.653	27.838	6.600	14.639	9.375	15.302	31.360	17.969	58.204	21.063	43.646	5.196	14.700	36.464	30.155	7.212	17.081	18.447	6.289
16	0.480	13.266	5.942	4.599	4.156	16.826	9.592	9.331	2.509	4.387	15.703	3.264	7.449	20.770	0.116	3.328	14.357	2.200	6.511	3.716	10.228	28.959	6.590	56.720	9.162	35.654	1.872	10.400	37.284	14.145	3.626	9.482	9.384	2.464
17	0.510	3.940	4.003	2.302	1.435	13.358	5.219	3.182	0.746	0.784	6.979	0.799	3.449	9.851	0.000	1.381	5.259	0.000	2.129	1.170	4.539	26.748	2.195	55.887	3.694	23.730	0.480	7.000	34.312	6.304	1.168	3.191	2.576	0.870
18	0.540	0.000	2.473	0.273	0.129	20.190	2.668	0.640	0.000	0.115	0.958	0.208	1.155	4.299	0.000	0.173	1.433	0.000	0.610	0.078	1.288	23.632	0.682	52.996	1.944	12.792	0.000	4.600	27.632	2.545	0.129	0.679	0.182	0.078
19	0.570	0.000	0.830	0.000	0.000	34.283	0.618	0.000	0.000	0.000	0.187	0.000	0.148	1.258	0.000	0.000	0.054	0.000	0.000	0.000	0.010	19.141	0.000	44.745	2.449	5.931	0.000	0.000	18.924	0.000	0.000	0.000	0.000	0.000
20	0.600	0.000	0.000	0.000	0.000	47.800	0.000	0.000	0.000	0.000	1.962	0.000	0.000	0.000	0.000	0.000	0.000	0.000	0.000	0.000	0.000	14.862	0.000	31.586	6.753	2.931	0.000	0.000	11.644	0.000	0.000	0.000	0.000	0.000
21	0.630	0.000	0.000	0.000	0.000	52.194	0.000	0.000	0.000	0.000	5.452	0.000	0.000	0.000	0.000	0.000	0.000	0.000	0.000	0.000	0.000	11.022	0.841	19.747	15.268	0.578	0.000	0.000	5.908	0.000	0.000	0.000	0.000	0.000
22	0.660	0.000	0.989	0.000	0.000	51.655	0.000	0.000	0.000	0.000	12.420	0.000	0.000	0.000	0.000	0.000	0.000	0.000	0.000	0.000	0.000	7.984	2.820	7.136	25.164	0.000	0.000	0.000	1.344	0.515	0.000	0.000	0.000	0.000
23	0.690	0.000	5.534	0.000	0.000	53.110	0.000	0.000	0.000	0.000	22.274	0.000	0.000	0.000	0.000	0.000	0.000	0.000	0.000	0.000	0.000	5.108	5.905	0.822	33.426	0.000	0.000	0.000	0.000	1.710	0.000	0.000	0.000	0.000
24	0.720	0.000	12.934	0.000	0.000	54.426	0.000	0.000	0.000	0.000	29.474	0.000	0.000	0.000	0.000	0.000	0.092	0.000	0.000	0.000	0.000	3.457	10.177	0.000	38.161	0.000	0.000	0.000	0.000	0.432	0.000	0.000	0.000	0.000
25	0.750	0.000	20.903	0.000	0.000	48.997	0.000	0.000	0.000	0.000	29.778	0.000	0.005	0.000	0.000	0.000	2.036	0.000	0.000	0.000	0.000	1.932	14.346	0.000	39.577	0.000	0.000	0.000	0.000	0.000	0.000	0.000	0.000	0.000
26	0.780	0.000	0.000	0.000	0.000	35.018	0.000	0.000	0.000	0.000	0.000	0.000	0.000	0.000	0.000	0.000	6.853	0.000	0.000	0.000	0.000	1.032	0.000	0.000	0.000	0.000	0.000	0.000	0.000	0.000	0.000	0.000	0.000	0.000
