 	x	1	2	3	4	5	6	7	8	9	10	11	12	13	14	15	16	17	18	19	20	21	22	23	24	25	26	27	28	29	30	31	32	33
1	0.030	0.000	0.000	0.000	0.000	0.000	44.567	47.790	0.000	0.000	0.000	0.000	0.387	0.000	0.000	3.047	0.000	0.000	0.000	0.000	0.000	0.965	0.000	0.000	13.982	32.141	0.000	0.000	0.000	43.456	0.000	0.000	0.000	0.000
2	0.060	0.000	0.000	0.000	0.000	0.000	44.421	54.956	0.000	0.000	0.000	0.000	1.805	0.000	0.000	0.572	0.000	0.000	0.000	0.000	0.000	1.686	0.000	0.000	6.633	41.331	0.000	0.000	0.000	30.328	1.844	0.000	0.000	0.000
3	0.090	0.000	0.000	0.000	0.000	0.000	43.437	56.663	0.000	0.000	0.000	0.000	2.853	0.000	0.156	0.000	0.000	0.000	0.000	0.000	0.000	2.782	0.000	0.120	2.215	37.234	0.000	0.000	0.000	16.616	4.044	0.000	0.000	0.000
4	0.120	1.345	0.000	0.000	0.000	0.079	34.575	55.678	0.000	0.000	0.000	0.000	3.545	0.000	2.288	0.000	0.000	0.000	0.000	0.000	0.000	3.980	0.000	0.880	0.081	23.374	0.000	0.000	0.000	7.361	2.558	0.000	0.000	0.000
5	0.150	6.337	0.000	0.000	0.000	0.941	20.595	49.465	0.000	0.000	0.000	0.000	2.970	0.000	6.536	0.000	0.000	0.000	0.000	0.000	0.000	7.457	0.000	2.362	0.000	10.916	0.000	0.000	0.000	2.605	0.268	0.000	0.000	0.000
6	0.180	13.526	0.000	0.000	0.000	3.526	10.166	35.234	0.000	0.000	0.000	0.000	1.551	0.000	15.408	0.000	0.000	0.000	0.000	0.000	0.000	13.416	0.000	5.295	0.000	4.974	0.000	0.000	0.000	0.299	0.000	0.000	0.000	0.000
7	0.210	22.070	0.042	0.014	0.000	10.146	4.176	19.947	0.000	0.003	0.000	0.000	0.108	0.000	30.348	0.028	0.042	0.000	0.033	0.009	0.000	20.711	0.033	9.664	0.056	2.941	0.372	0.000	0.000	0.447	0.084	0.254	0.000	0.011
8	0.240	30.051	0.676	0.249	0.440	20.639	1.628	12.315	0.000	0.313	0.000	0.011	1.662	0.371	45.420	0.499	0.784	0.000	0.794	1.033	0.678	28.087	0.756	15.128	0.889	0.246	2.580	0.000	0.408	2.394	1.388	1.321	0.000	0.277
9	0.270	35.986	1.667	1.171	2.493	29.330	3.529	12.190	0.000	1.324	1.516	0.555	3.723	2.263	53.140	2.253	3.482	0.000	2.999	3.458	2.487	34.442	2.231	21.587	2.559	0.000	7.344	3.400	2.940	7.201	3.668	3.393	2.158	1.322
10	0.300	40.307	3.394	4.856	4.119	32.275	7.434	15.314	0.000	4.580	6.525	1.716	7.605	5.995	52.076	7.544	9.210	1.600	7.639	8.497	6.115	40.640	5.798	29.489	6.419	3.186	15.604	7.900	9.704	16.576	6.861	7.133	7.912	5.578
11	0.330	41.247	6.054	13.242	8.567	27.744	14.420	18.847	0.000	11.778	14.058	4.425	13.748	11.904	45.184	17.575	18.519	3.700	14.768	15.627	12.261	45.957	13.521	35.268	14.372	10.832	26.068	15.600	24.272	28.438	9.582	11.769	14.129	13.672
12	0.360	35.705	9.571	22.326	17.002	18.370	21.809	21.029	0.517	17.933	19.978	10.161	19.754	18.897	34.504	25.778	30.022	6.800	21.128	19.366	17.474	49.217	23.443	38.074	25.637	18.131	32.676	21.300	42.076	34.810	10.989	14.645	16.162	19.130
13	0.390	24.584	11.949	23.821	24.983	10.179	25.064	23.168	1.865	18.809	21.487	18.380	21.544	23.063	21.780	23.946	38.257	8.500	22.355	17.669	19.255	50.440	28.632	37.494	32.308	23.567	31.860	22.500	53.964	31.049	10.238	14.211	13.843	16.526
14	0.420	12.909	11.855	17.942	25.043	4.569	21.612	24.791	3.372	12.746	18.696	22.104	19.083	23.728	11.956	15.913	38.641	5.800	17.881	11.296	17.575	49.904	25.161	34.309	30.476	29.412	23.064	18.800	55.788	20.403	8.596	10.575	9.265	9.155
15	0.450	4.708	9.217	9.493	16.123	1.802	13.102	19.987	3.184	5.490	13.452	17.235	13.660	21.093	6.112	7.514	27.911	2.400	10.988	5.443	14.359	46.705	14.608	30.458	19.805	34.015	13.572	15.000	47.912	9.899	6.031	6.066	4.613	3.845
16	0.480	0.801	6.237	4.181	6.524	0.240	5.551	11.737	1.206	1.234	7.392	7.185	7.129	15.261	0.900	3.024	13.021	0.900	5.190	2.502	8.797	39.542	5.728	26.354	8.708	37.669	6.140	11.700	34.336	4.118	3.659	2.507	1.733	1.520
17	0.510	0.000	4.251	1.622	1.478	0.000	1.398	4.882	0.000	0.173	3.343	1.384	2.769	8.464	0.000	1.107	3.411	0.000	1.906	0.657	4.133	29.893	1.942	22.956	2.936	40.211	2.048	8.700	19.884	1.363	2.015	0.525	0.541	0.419
18	0.540	0.000	3.080	0.127	0.000	0.000	0.000	1.325	0.000	0.000	1.051	0.004	0.439	3.223	0.000	0.095	0.498	0.000	0.349	0.000	0.752	20.280	1.511	19.438	0.837	41.434	0.000	5.700	10.120	0.059	0.191	0.015	0.148	0.015
19	0.570	0.000	1.214	0.000	0.000	0.000	0.000	0.133	0.000	0.000	0.087	0.000	0.000	0.804	0.000	0.000	0.000	0.000	0.014	0.000	0.000	12.659	3.305	15.062	0.000	40.968	0.000	0.000	4.140	0.000	0.000	0.000	0.013	0.000
20	0.600	0.000	0.000	0.000	0.000	0.000	0.000	0.000	0.000	0.000	0.000	0.000	0.000	0.075	0.000	0.000	0.000	0.000	0.000	0.000	0.000	6.894	8.865	10.510	0.000	40.445	0.000	0.000	0.604	0.000	0.000	0.000	0.000	0.000
21	0.630	0.000	0.000	0.000	0.000	0.000	0.000	0.000	0.000	0.000	0.000	0.000	0.000	0.000	5.493E-5	0.000	0.000	0.000	0.000	0.000	0.000	3.428	17.847	6.890	0.000	41.130	0.000	0.000	0.016	0.000	0.000	0.000	0.000	0.000
22	0.660	0.000	0.000	0.000	0.000	0.000	0.000	0.000	0.000	0.000	0.000	0.000	0.000	0.000	1.104	0.000	0.000	0.000	0.000	0.000	0.000	1.774	29.551	4.443	0.000	42.664	0.000	0.000	0.000	0.000	0.000	0.000	0.000	0.000
23	0.690	0.000	0.000	0.000	0.000	0.000	0.000	0.000	0.000	0.000	0.000	0.000	0.000	0.000	3.924	0.000	0.000	0.000	0.000	0.000	0.000	0.824	40.883	2.941	0.359	43.124	0.000	0.000	0.000	0.000	0.000	0.000	0.000	0.000
24	0.720	0.000	0.000	0.000	0.000	0.000	0.000	0.000	0.000	0.000	0.000	0.000	0.000	0.000	6.988	0.000	0.000	0.000	0.000	0.000	0.000	0.000	48.016	1.628	1.398	39.524	0.000	0.000	0.000	0.000	0.000	0.000	0.000	0.000
25	0.750	0.000	0.000	0.000	0.000	0.000	0.000	0.000	0.000	0.000	0.000	0.000	0.000	0.000	8.180	0.000	0.000	0.000	0.040	0.000	0.000	0.000	50.839	0.579	2.341	28.623	0.000	0.000	0.000	0.000	0.000	0.000	0.000	0.000
26	0.780	0.000	0.000	0.000	0.000	0.000	0.000	0.000	0.000	0.000	0.000	0.000	0.000	0.000	6.796	0.000	0.000	0.000	0.000	0.000	0.000	0.000	51.808	0.000	0.000	14.308	0.000	0.000	0.000	0.000	0.000	0.000	0.000	0.000
