 	x	1	2	3	4	5	6	7	8	9	10	11	12	13	14	15	16	17	18	19	20	21	22	23	24	25	26	27	28	29	30	31	32	33	34	35	36	37	38	39	40	41	42	43	44	45	46	47	48	49	50	51
1	0.030	0.000	0.000	0.000	0.000	0.000	0.000	0.000	0.000	0.000	0.000	0.000	0.000	0.000	0.000	0.000	0.000	0.000	0.000	0.000	0.000	27.404	7.315	71.451	0.000	1.412	0.000	0.000	0.000	0.000	0.000	0.000	18.938	8.454	29.978	0.000	37.067	0.000	0.308	41.769	39.223	26.132	0.000	2.821	0.000	28.300	30.128	0.000	0.000	0.000	0.000	0.000
2	0.060	0.000	0.000	0.000	0.000	0.000	0.000	0.000	0.000	0.000	0.000	0.000	0.000	0.000	0.000	0.000	0.000	0.000	0.000	0.000	0.000	23.469	7.551	68.531	0.000	3.471	0.000	0.000	0.000	0.000	0.000	0.000	20.935	14.595	29.365	0.000	35.069	0.000	0.819	33.844	30.408	23.707	0.000	10.388	0.000	25.500	30.024	0.000	0.000	0.000	0.000	0.000
3	0.090	0.000	0.000	0.000	0.000	0.000	0.000	0.000	0.000	0.000	0.000	0.000	0.000	0.000	0.000	0.000	0.000	0.000	0.000	0.000	0.000	20.169	8.093	60.789	0.000	6.226	0.000	0.000	0.000	0.379	0.000	0.000	23.760	15.662	27.017	0.000	30.708	0.000	0.399	27.035	25.018	21.676	0.000	16.059	0.000	15.100	29.904	0.000	0.000	0.000	0.000	0.000
4	0.120	0.000	0.000	0.000	0.000	0.000	0.000	0.000	0.000	0.000	0.000	0.000	0.000	0.000	0.000	0.000	0.000	0.000	0.000	0.000	0.000	11.440	9.745	48.370	0.000	8.572	0.000	0.000	0.000	1.570	0.000	0.000	25.015	10.894	25.101	0.000	24.554	0.000	0.000	21.803	16.801	20.450	0.000	19.049	0.000	17.300	29.292	0.000	0.000	0.000	0.000	0.000
5	0.150	0.000	0.000	0.000	0.000	0.000	0.000	0.000	0.000	0.000	0.000	0.000	0.000	0.000	0.000	0.000	0.000	0.000	0.000	0.000	0.000	5.395	12.481	33.831	0.000	11.089	0.000	0.000	0.000	2.019	0.000	0.000	23.858	5.955	23.888	0.000	18.942	0.000	0.000	13.684	10.083	18.481	0.000	21.531	0.000	18.600	28.404	0.000	0.000	0.000	0.000	0.000
6	0.180	0.000	0.000	0.000	0.000	0.000	0.000	0.000	0.000	0.000	0.000	0.000	0.000	0.000	0.000	0.000	0.000	0.000	0.000	0.000	0.000	0.000	16.919	22.570	0.000	9.209	0.000	0.000	0.000	1.332	0.000	0.000	22.384	1.996	21.855	0.000	13.438	0.000	0.000	0.659	7.011	15.732	0.000	24.367	0.000	18.100	27.440	0.000	0.000	0.000	0.000	0.000
7	0.210	0.000	0.000	0.236	0.000	0.000	0.083	0.000	0.000	0.000	0.000	0.000	0.188	0.050	0.000	0.000	0.000	0.431	0.000	0.000	0.000	0.000	18.736	9.144	7.503	4.571	0.000	0.000	0.000	0.629	0.028	0.000	21.136	3.159	19.804	0.000	2.812	0.000	9.753E-4	2.141	11.275	13.136	0.000	28.585	1.759	16.000	26.684	0.000	0.000	0.000	1.214	0.000
8	0.240	0.000	0.000	1.700	0.371	1.462	2.758	0.000	2.791	0.165	0.000	0.000	3.163	6.992	0.000	0.000	0.290	3.992	1.967	0.456	0.000	0.000	18.397	1.171	11.573	16.031	0.176	0.000	0.000	5.992	1.072	0.000	20.076	10.210	17.877	0.813	0.000	1.447	10.117	12.642	16.212	5.471	0.000	32.457	9.183	14.900	24.144	0.322	0.716	0.000	1.881	0.801
9	0.270	0.488	8.600	3.772	3.369	6.284	6.945	9.600	12.539	1.079	0.283	10.900	8.186	19.455	0.000	0.579	6.726	7.453	6.580	3.549	0.000	1.709	16.573	0.374	14.707	31.304	1.668	9.000	0.000	8.864	3.465	1.384	18.562	18.187	17.193	6.337	2.394	12.424	15.636	30.460	21.195	15.446	0.000	32.776	19.263	15.200	25.264	1.730	4.552	0.722	4.057	6.164
10	0.300	3.600	13.700	8.147	11.074	9.150	14.223	12.800	17.725	2.503	3.384	19.500	16.543	35.108	9.600	4.194	11.233	13.171	11.065	10.177	0.000	12.110	16.485	8.880	16.166	40.791	7.080	13.600	0.000	13.335	9.862	11.633	17.773	30.949	17.802	15.933	24.468	30.590	19.704	40.462	26.567	19.818	0.000	29.501	31.646	32.000	28.692	12.071	8.574	22.030	5.934	10.496
11	0.330	5.130	19.600	15.218	22.756	12.562	24.675	17.000	24.549	4.948	9.937	29.800	26.500	57.336	21.000	10.612	15.851	19.077	18.939	19.792	1.197	23.156	18.219	19.983	17.733	48.751	18.024	19.400	0.390	21.398	23.266	22.823	18.256	44.149	19.614	27.525	31.860	46.223	27.159	40.923	29.555	19.957	0.000	24.367	41.304	34.200	30.808	22.413	11.454	26.167	10.162	11.930
12	0.360	6.736	23.200	21.371	32.573	16.344	36.297	21.000	29.577	7.949	18.961	36.300	34.070	79.460	37.300	20.946	20.958	24.417	27.666	28.532	13.906	30.823	20.951	22.173	19.490	58.890	28.728	25.100	2.654	29.626	37.414	27.922	19.908	51.407	22.628	35.034	37.047	56.269	35.194	40.012	30.717	19.159	0.000	19.606	48.509	34.900	32.036	38.097	17.570	29.354	13.601	16.975
13	0.390	7.580	21.900	23.840	34.702	19.737	45.559	22.000	32.893	9.640	26.537	37.800	36.576	95.383	50.000	31.881	22.869	28.479	32.415	32.903	28.016	34.699	22.489	21.331	21.446	68.950	30.892	30.200	4.842	34.266	41.495	31.349	21.012	52.206	24.804	38.505	41.086	56.068	39.203	39.771	30.505	17.443	0.000	16.237	51.032	34.000	31.528	49.993	18.670	31.065	15.715	24.538
14	0.419	6.231	17.200	22.081	26.392	21.786	46.575	21.400	32.574	8.433	27.788	33.800	31.298	104.260	49.500	41.037	23.443	29.401	29.004	32.442	33.920	33.934	22.622	19.326	23.217	76.369	22.748	32.900	8.577	32.842	35.158	31.020	19.694	47.044	24.565	36.677	43.249	49.000	36.661	41.013	28.829	16.576	0.000	12.232	46.671	31.100	29.512	48.037	19.245	32.917	18.095	25.135
15	0.449	3.832	12.100	18.787	14.341	20.333	36.261	19.900	28.146	5.540	22.827	25.700	19.610	104.689	36.700	46.767	18.646	26.653	19.366	26.298	38.134	28.891	19.411	17.149	25.224	79.573	13.656	29.600	11.277	26.617	26.243	26.648	18.972	37.679	21.856	30.488	42.296	38.775	30.293	42.654	27.361	15.920	0.000	6.878	36.614	27.300	26.852	34.354	21.010	33.795	21.512	12.785
16	0.479	1.893	8.200	15.232	5.859	15.669	19.564	17.200	20.293	3.010	14.619	16.700	8.272	97.777	21.200	45.376	11.275	19.893	10.580	18.881	39.475	21.173	13.385	16.035	25.671	77.953	8.672	21.600	10.098	15.896	15.249	21.256	18.407	25.089	18.296	22.864	38.418	28.185	23.497	43.276	24.081	15.151	0.000	3.629	25.815	23.800	22.156	20.643	23.123	32.115	24.601	4.721
17	0.509	0.859	4.600	11.086	2.551	6.344	6.973	14.300	9.472	0.789	7.296	9.500	1.532	85.334	12.100	35.719	5.582	12.903	4.140	11.838	39.114	13.602	8.362	14.210	16.820	71.408	5.464	14.200	7.353	6.304	3.009	15.804	2.910	13.949	15.812	16.468	32.871	17.803	6.756	40.466	18.116	12.420	0.000	1.097	18.090	2.300	21.556	11.951	24.077	26.831	26.680	0.000
18	0.539	0.441	0.000	6.920	0.330	1.581	1.924	0.000	1.496	0.000	3.408	0.000	0.040	70.256	0.000	21.564	0.856	7.610	0.159	6.112	36.822	7.472	3.655	11.473	2.125	60.060	1.620	11.500	4.177	2.441	0.000	10.923	0.371	7.342	14.764	11.194	27.115	9.787	0.000	35.799	17.691	9.734	0.000	0.000	11.096	6.200	19.996	3.499	22.382	19.903	27.041	0.000
19	0.569	0.000	0.000	3.005	0.000	0.000	0.072	0.000	0.000	0.000	1.141	0.000	0.000	52.286	0.000	9.473	0.000	3.480	0.000	3.112	33.065	3.636	0.109	6.806	0.318	46.624	0.044	3.700	1.996	2.823	0.000	0.984	5.982E-5	2.421	0.364	5.869	21.615	2.891	0.000	30.290	16.970	9.176	0.000	0.051	1.037	6.400	22.660	0.029	15.990	11.527	26.025	0.000
20	0.599	0.000	0.000	0.137	0.000	0.000	0.000	0.000	0.000	0.000	0.106	0.000	0.000	34.624	0.000	1.531	0.000	0.689	0.000	0.957	27.472	0.497	0.000	5.231	18.265	34.501	0.000	3.200	0.824	8.926	0.000	0.000	6.620	0.000	0.000	13.082	8.130	0.000	0.000	28.489	15.477	6.023	0.000	0.000	1.506	13.900	23.420	0.000	8.047	0.318	24.629	0.000
21	0.629	0.000	0.000	0.000	0.000	0.000	0.000	0.000	0.000	0.000	0.000	0.000	0.000	20.709	0.000	0.000	0.000	0.000	0.000	0.000	21.241	0.000	0.000	4.830	26.638	26.153	0.000	1.100	0.034	16.214	0.000	8.884	14.390	0.000	0.000	23.233	0.014	0.000	2.752	22.555	9.147	2.666	0.501	0.000	9.995	25.200	24.480	0.000	1.741	0.000	23.144	0.000
22	0.659	0.000	0.000	0.000	0.000	0.000	0.000	0.000	0.000	0.000	0.000	0.000	0.000	5.065	0.000	0.000	0.000	0.000	0.000	0.000	12.850	0.000	0.255	3.933	38.982	13.441	0.000	0.000	0.000	21.331	0.000	30.383	18.451	0.000	0.000	27.887	0.000	0.000	8.392	23.810	16.287	0.802	14.563	0.000	18.077	26.100	26.356	0.000	0.000	0.000	20.540	0.000
23	0.689	0.000	0.000	0.000	0.000	0.000	0.000	0.000	0.000	0.000	0.000	0.000	0.000	0.000	0.000	0.000	0.000	0.000	0.000	0.000	6.412	0.000	1.627	2.597	55.744	0.253	0.000	0.000	0.000	27.784	0.000	45.539	21.955	0.000	0.000	28.709	0.000	0.000	14.239	28.667	25.482	0.000	18.225	0.000	22.942	25.400	28.356	0.000	0.000	0.000	17.760	0.000
24	0.719	0.000	0.000	0.000	0.000	0.000	0.000	0.000	0.000	0.000	0.000	0.000	0.000	0.000	0.000	0.000	0.000	0.000	0.000	0.000	0.153	0.000	4.594	1.197	70.782	0.000	0.000	0.000	0.000	33.268	0.000	62.662	24.440	0.878	0.541	28.227	0.000	0.000	23.699	30.377	27.714	0.000	19.264	0.000	27.354	25.000	30.556	0.000	0.000	0.000	16.014	0.000
25	0.749	0.000	0.000	0.000	0.000	0.000	0.000	0.000	0.000	0.000	0.000	0.000	0.000	0.000	0.000	0.000	0.000	0.000	0.000	0.000	0.000	0.000	8.176	0.000	80.245	0.000	0.000	0.000	0.000	40.575	2.667	74.127	24.592	0.391	16.142	26.583	0.000	0.000	31.243	29.312	30.761	0.000	21.077	0.000	29.156	26.300	32.068	0.000	0.142	0.000	5.239	0.000
26	0.779	0.000	0.000	0.000	0.000	0.000	0.000	0.000	0.000	0.000	0.000	0.000	0.000	0.000	0.000	0.000	0.000	0.000	0.000	0.000	0.000	0.000	12.096	0.000	82.796	0.000	0.000	0.000	0.000	48.179	11.104	0.000	0.000	2.374	22.258	23.916	0.000	0.000	0.000	27.019	0.000	0.000	24.317	0.000	0.000	29.300	33.268	0.000	0.032	0.000	1.156	0.000
