30.068	3.341	25.707	0.311	1.478	0.267	1.29	0	0	0	0	0	0	0	0	0	0	0	0	0	0	0	0	0	0	0	0	1	0	0	0	0.1335	0	0	0	0	0	0.37571	0	1	1	0.21379	0.39699	0.9662	0.1259	0.39864	0.99969	0.36	0.36	0	0	0	0	0	1	1	0.076455	0.28453	0.97675	0.045475	0.27416	0.96884	0.27	0.27	0	0	0	0	0	1	1	0.1335	0.37571	0.99926	0.070386	0.37495	0.99249	0.36	0.36	0	0	0	0	0	0	0	0	0	0	0	0	0	0	0	0	0	0	0	0	0	0	0	0	0	0	0	0	0	0	1	0	0	0	0	0	0
25.163	6.648	45.001	0.013	0.14	0.123	0.03	0.10871	0.38954	0	0	0	0	0	0	0	0.94714	1.0305	0.91914	1	0	0	0	0	0	0	0	1	0	1	0.10297	0.11202	0	0	0	0	0.38985	0.38751	0	1	1	0.10871	0.38954	0.99987	0.055276	0.38957	0.98967	0.39	0.39	0	0	0	0	0	1	1	0.10297	0.38985	0.99989	0.053415	0.38968	0.99222	0.39	0.39	0	0	0	0	0	1	1	0.11202	0.38751	0.99982	0.056688	0.38868	0.99092	0.39	0.39	0	0	0	0	0	0	0	0	0	0	0	0	0	0	0	0	0	0	0	0	0	0	0	0	0	0	0	0	0	0	0	0	0	0	0	0	0
24.735	6.923	12.821	0.017	0.166	0.131	0.03	0.12747	0.37958	0	0	0	0	0	0	0	0.95824	1.0276	0.93248	1	0	0	0	0	0	0	0	1	0	1	0.12215	0.13099	0	0	0	0	0.38665	0.40748	0	1	1	0.12747	0.37958	0.99963	0.066963	0.38019	0.99276	0.39	0.39	0	0	0	0	0	1	1	0.12215	0.38665	0.99897	0.060494	0.38703	0.99235	0.39	0.39	0	0	0	0	0	1	1	0.13099	0.40748	0.99917	0.068213	0.40766	0.99502	0.419	0.419	0	0	0	0	0	0	0	0	0	0	0	0	0	0	0	0	0	0	0	0	0	0	0	0	0	0	0	0	0	0	0	0	0	0	0	0	0
18.276	11.112	29.758	0.797	2.835	0.358	3.005	0.14288	0.33291	0	0	0	0	0	0	0	1.3885	1.1464	0.8256	0	0	0	0	0	0	0	0	2	1	0	0.1984	0.1638	0	0	0	0	0.42181	0.47225	0	1	2	0.23452	0.30977	0.94821	0.14288	0.33291	0.9995	0.27	0.39	0	0	0	0	0	1	1	0.1984	0.42181	0.98151	0.11193	0.41866	0.99978	0.449	0.449	0	0	0	0	0	1	1	0.1638	0.47225	0.99515	0.089309	0.473	0.99098	0.479	0.479	0	0	0	0	0	0	0	0	0	0	0	0	0	0	0	0	0	0	0	0	0	0	0	0	0	0	0	0	0	0	0	0	0	0	0	0	0
16.537	12.834	41.098	0.414	1.708	0.308	1.845	0.11822	0.42873	0	0	0	0	0	0	0	1.4132	1.2265	0.86786	0	0	0	0	0	0	0	0	2	1	0	0.16708	0.145	0	0	0	0	0.35716	0.25505	0	1	2	0.22484	0.41557	0.8885	0.11822	0.42873	0.95193	0.39	0.479	0	0	0	0	0	1	1	0.16708	0.35716	0.99326	0.092732	0.35612	0.99828	0.36	0.36	0	0	0	0	0	1	1	0.145	0.25505	0.99564	0.077756	0.25742	0.98968	0.24	0.24	0	0	0	0	0	0	0	0	0	0	0	0	0	0	0	0	0	0	0	0	0	0	0	0	0	0	0	0	0	0	0	0	0	0	0	0	0
16.298	12.703	45	0.013	0.145	0.11	0.042	0	0	0	0	0	0	0	0	0	0	0	0	1	0	0	0	0	0	0	0	2	0	0	0.24177	0	0	0	0	0	0.50811	0	0	1	2	0.07809	0.40411	-0.20216	0.22691	0.51555	0.64148	0.39	0.659	0	0	0	0	0	1	2	0.16474	0.629	0.90531	0.24177	0.50811	0.92611	0.39	0.629	0	0	0	0	0	1	1	0.094765	0.37269	-0.33874	0.05084	0.37336	-0.34032	0.36	0.36	0	0	0	0	0	0	0	0	0	0	0	0	0	0	0	0	0	0	0	0	0	0	0	0	0	0	0	0	0	0	0	0	0	0	0	0	0
16.537	13.372	55.803	0.063	0.325	0.246	0.085	0	0	0	0	0	0	0	0	0	0	0	0	0	0	0	0	0	0	0	0	1	0	0	0	0	0	0	0	0	0	0	0	1	1	0.46223	0.25657	0.66032	0.26845	0.28423	0.92744	0.419	0.419	0	0	0	0	0	1	1	0.48843	0.15	0.77342	0	0.15	0.851	0.36	0.36	0	0	0	0	0	1	1	0.49231	0.15	0.62756	0.24369	0.27185	0.92462	0.39	0.39	0	0	0	0	0	0	0	0	0	0	0	0	0	0	0	0	0	0	0	0	0	0	0	0	0	0	0	0	0	0	0	0	0	0	0	0	0
10.037	14.366	0	0.011	0.135	0.101	0.09	0.097064	0.38253	0	0	0	0	0	1	0	1.0574	0.99231	0.93846	1	0	0	0	0	0	0	0	1	0	1	0.10263	0.096318	0	0	0	0	0.37935	0.38627	0	1	1	0.097064	0.38253	0.99913	0.051138	0.3856	0.98553	0.39	0.39	0	0	0	0	0	1	1	0.10263	0.37935	0.9985	0.05323	0.38416	0.98469	0.39	0.39	0	0	0	0	0	1	1	0.096318	0.38627	0.99928	0.050561	0.38739	0.98453	0.39	0.39	0	0	0	0	0	0	0	0	0	0	0	0	0	0	0	0	0	0	0	0	0	0	0	0	0	0	0	0	0	0	0	0	0	0	0	0	0
8.58	15.652	39.086	0.586	2.889	0.258	2.61	0.14013	0.39944	0	0	0	0	0	0	0	0.78927	0.70998	0.89954	0	0	0	0	0	0	0	0	2	1	0	0.1106	0.099489	0	0	0	0	0.41207	0.4193	0	1	2	0.23116	0.40362	0.93317	0.14013	0.39944	0.99897	0.33	0.479	0	0	0	0	0	1	1	0.1106	0.41207	0.99864	0.058199	0.41452	0.99435	0.419	0.419	0	0	0	0	0	1	1	0.099489	0.4193	0.99928	0.05285	0.41872	0.99434	0.419	0.419	0	0	0	0	0	0	0	0	0	0	0	0	0	0	0	0	0	0	0	0	0	0	0	0	0	0	0	0	0	0	0	0	0	0	0	0	0
18.31	18.126	90	0.02	0.193	0.13	0.03	0.12101	0.3811	0	0	0	0	0	0	0	0.99862	0.96402	0.96535	1	0	0	0	0	0	0	0	1	0	1	0.12084	0.11665	0	0	0	0	0.37854	0.38373	0	1	1	0.12101	0.3811	0.99937	0.064195	0.38199	0.99371	0.39	0.39	0	0	0	0	0	1	1	0.12084	0.37854	0.99936	0.064514	0.3783	0.99231	0.39	0.39	0	0	0	0	0	1	1	0.11665	0.38373	0.99933	0.062534	0.38417	0.99232	0.39	0.39	0	0	0	0	0	0	0	0	0	0	0	0	0	0	0	0	0	0	0	0	0	0	0	0	0	0	0	0	0	0	0	0	0	0	0	0	0
2.2	20.543	58.831	0.039	0.265	0.19	0	0.1654	0.37707	0	0	0	0	0	0	0	0.68555	0.82111	0.83491	1	0	0	0	0	0	0	0	1	0	1	0.11339	0.13581	0	0	0	0	0.38554	0.38056	0	1	1	0.1654	0.37707	0.9805	0.093092	0.37698	0.99064	0.39	0.39	0	0	0	0	0	1	1	0.11339	0.38554	0.99859	0.061223	0.38551	0.98414	0.39	0.39	0	0	0	0	0	1	1	0.13581	0.38056	0.99725	0.07008	0.38184	0.98431	0.39	0.39	0	0	0	0	0	0	0	0	0	0	0	0	0	0	0	0	0	0	0	0	0	0	0	0	0	0	0	0	0	0	0	0	0	0	0	0	0
19.891	21.008	117.57	0.2	1.042	0.245	0.85	0.12069	0.38657	0	0	0	0	0	0	0	1.223	1.1526	0.94244	0	0	0	0	0	0	0	0	2	1	0	0.1476	0.13911	0	0	0	0	0.40481	0.40217	0	1	2	0.20461	0.39227	0.96889	0.12069	0.38657	0.99942	0.36	0.419	0	0	0	0	0	1	1	0.1476	0.40481	0.99631	0.078572	0.40719	0.99305	0.39	0.39	0	0	0	0	0	1	1	0.13911	0.40217	0.9985	0.07516	0.39826	0.98824	0.39	0.39	0	0	0	0	0	0	0	0	0	0	0	0	0	0	0	0	0	0	0	0	0	0	0	0	0	0	0	0	0	0	0	0	0	0	0	0	0
2.125	20.864	77.179	0.017	0.166	0.131	0	0.10977	0.37889	0	0	0	0	0	0	0	1.0539	1.0225	0.97015	1	0	0	0	0	0	0	0	1	0	1	0.11569	0.11224	0	0	0	0	0.39746	0.38084	0	1	1	0.10977	0.37889	0.99813	0.06104	0.37942	0.9833	0.39	0.39	0	0	0	0	0	1	1	0.11569	0.39746	0.99836	0.061502	0.39704	0.98585	0.39	0.39	0	0	0	0	0	1	1	0.11224	0.38084	0.99879	0.060222	0.38223	0.99006	0.39	0.39	0	0	0	0	0	0	0	0	0	0	0	0	0	0	0	0	0	0	0	0	0	0	0	0	0	0	0	0	0	0	0	0	0	0	0	0	0
0.994	21.579	55.633	0.185	0.842	0.28	0.531	0.139	0.37269	0	0	0	0	0	0	0	1.0546	1.0965	0.96178	0	0	0	0	0	0	0	0	2	1	0	0.14659	0.15242	0	0	0	0	0.39282	0.38377	0	1	2	0.22122	0.38207	0.9262	0.139	0.37269	0.99901	0.33	0.449	0	0	0	0	0	1	1	0.14659	0.39282	0.99827	0.079596	0.39232	0.98948	0.39	0.39	0	0	0	0	0	1	1	0.15242	0.38377	0.99946	0.082517	0.38768	0.99019	0.39	0.39	0	0	0	0	0	0	0	0	0	0	0	0	0	0	0	0	0	0	0	0	0	0	0	0	0	0	0	0	0	0	0	0	0	0	0	0	0
21.746	23.726	127.32	0.272	1.372	0.252	1.177	0.18642	0.35086	0	0	0	0	0	0	0	0.73372	0.80625	0.91004	0	0	0	0	0	0	0	0	1	0	1	0.13678	0.1503	0	0	0	0	0.48476	0.4505	0	1	1	0.18642	0.35086	0.99054	0.031673	0.34247	-4.4035e+52	0.33	0.33	0	0	0	0	0	1	1	0.13678	0.48476	0.99922	0.074732	0.48073	0.98751	0.479	0.479	0	0	0	0	0	1	1	0.1503	0.4505	0.9995	0.081831	0.45097	0.99209	0.449	0.449	0	0	0	0	0	0	0	0	0	0	0	0	0	0	0	0	0	0	0	0	0	0	0	0	0	0	0	0	0	0	0	0	0	0	0	0	0
14.725	26.979	0	0.008	0.101	0.101	0.06	0.065682	0.38776	0	0	0	0	0	1	0	1.0173	0.9986	0.9816	1	0	0	0	0	0	0	0	1	0	1	0.066819	0.06559	0	0	0	0	0.39061	0.38774	0	1	1	0.065682	0.38776	0.9907	0.032905	0.38712	0.97479	0.39	0.39	0	0	0	0	0	1	1	0.066819	0.39061	0.98357	0.039363	0.39556	0.96039	0.39	0.39	0	0	0	0	0	1	1	0.06559	0.38774	0.99145	0.032904	0.38711	0.97642	0.39	0.39	0	0	0	0	0	0	0	0	0	0	0	0	0	0	0	0	0	0	0	0	0	0	0	0	0	0	0	0	0	0	0	0	0	0	0	0	0
15.31	27.578	0	0.011	0.135	0.101	0.09	0.076789	0.3975	0	0	0	0	0	1	0	1.0575	0.92578	0.87541	1	0	0	0	0	0	0	0	1	0	1	0.081208	0.07109	0	0	0	0	0.40037	0.39406	0	1	1	0.076789	0.3975	0.99292	0.039809	0.39666	0.98259	0.39	0.39	0	0	0	0	0	1	1	0.081208	0.40037	0.98079	0.045059	0.40012	0.96664	0.39	0.39	0	0	0	0	0	1	1	0.07109	0.39406	0.99858	0.038668	0.39582	-5.997e+41	0.39	0.39	0	0	0	0	0	0	0	0	0	0	0	0	0	0	0	0	0	0	0	0	0	0	0	0	0	0	0	0	0	0	0	0	0	0	0	0	0
15.636	27.62	45.001	0.013	0.14	0.123	0.09	0.14832	0.38148	0	0	0	0	0	0	0	0.9036	0.90678	0.99649	1	0	0	0	0	0	0	0	1	0	1	0.13402	0.13449	0	0	0	0	0.40327	0.3615	0	1	1	0.14832	0.38148	0.99564	0.082527	0.38584	0.9953	0.39	0.39	0	0	0	0	0	1	1	0.13402	0.40327	0.99655	0.074882	0.40538	0.99953	0.39	0.39	0	0	0	0	0	1	1	0.13449	0.3615	0.99418	0.069806	0.36401	0.98701	0.36	0.36	0	0	0	0	0	0	0	0	0	0	0	0	0	0	0	0	0	0	0	0	0	0	0	0	0	0	0	0	0	0	0	0	0	0	0	0	0
