20.741	0.086	180	0.02	0.198	0.128	0.03	0.12144	0.4156	0	0	0	0	0	0	0	0.9041	0.9833	0.91946	1	0	0	0	0	0	0	0	1	0	1	0.1098	0.11941	0	0	0	0	0.42169	0.41879	0	1	1	0.12144	0.4156	0.99055	0.061125	0.41013	0.97348	0.421	0.421	0	0	0	0	0	1	1	0.1098	0.42169	0.98869	0.057273	0.41435	0.9647	0.421	0.421	0	0	0	0	0	1	1	0.11941	0.41879	0.98965	0.060075	0.41169	0.97129	0.421	0.421	0	0	0	0	0	0	0	0	0	0	0	0	0	0	0	0	0	0	0	0	0	0	0	0	0	0	0	0	0	0	1	0	0	0	0	0	0
26.593	0.519	145.85	0.345	1.907	0.23	1.889	0.20189	0.4427	0	0	0	0	0	0	0	0.62858	0	0	0	0	0	0	0	0	0	0	1	0	1	0.1269	0	0	0	0	0	0.31172	0	0	1	1	0.20189	0.4427	0.99666	0.016042	0.43682	0.92593	0.451	0.451	0	0	0	0	0	1	1	0.1269	0.31172	0.99871	0.067277	0.31156	0.9853	0.301	0.301	0	0	0	0	0	1	0	0	0	0	0	0	0	0	0	0	0	0	0	0	0	0	0	0	0	0	0	0	0	0	0	0	0	0	0	0	0	0	0	0	0	0	0	0	0	1	0	0	0	0	0	0
13.323	1.717	114.05	0.702	2.785	0.321	3.527	0	0	0	0	0	0	0	0	0	0	0	0.91708	0	0	0	0	0	0	0	0	1	0	0	0.16459	0.17948	0	0	0	0	0.49906	0.44164	0	1	1	0.31067	0.2844	0.97818	0.16624	0.28677	0.98035	0.271	0.271	0	0	0	0	0	1	1	0.16459	0.49906	0.99769	0.088079	0.49867	0.99501	0.481	0.481	0	0	0	0	0	1	1	0.17948	0.44164	0.98791	0.095193	0.44044	0.98223	0.451	0.451	0	0	0	0	0	0	0	0	0	0	0	0	0	0	0	0	0	0	0	0	0	0	0	0	0	0	0	0	0	0	1	0	0	0	0	0	0
25.64	0.453	20.196	0.041	0.334	0.155	0.175	0.13078	0.39188	0	0	0	0	0	0	0	0	1.0089	0	1	0	0	0	0	0	0	0	1	0	1	0	0.13193	0	0	0	0	0	0.3822	0	1	1	0.13078	0.39188	0.99989	0.071222	0.39139	0.98912	0.391	0.391	0	0	0	0	0	1	1	0.13728	0.35366	0.93898	0.067309	0.35367	-4.3679e+49	0.361	0.361	0	0	0	0	0	1	1	0.13193	0.3822	0.9995	0.069132	0.38309	0.99288	0.391	0.391	0	0	0	0	0	0	0	0	0	0	0	0	0	0	0	0	0	0	0	0	0	0	0	0	0	0	0	0	0	0	0	0	0	0	0	0	0
25.369	1.106	135.36	0.257	0.996	0.328	1.342	0.17679	0.30733	0	0	0	0	0	0	0	1.1113	1.1419	0.97317	0	0	0	0	0	0	0	0	1	0	1	0.19646	0.20187	0	0	0	0	0.49028	0.4445	0	1	1	0.17679	0.30733	0.9982	0.094319	0.30781	0.99099	0.301	0.301	0	0	0	0	0	1	1	0.19646	0.49028	0.99815	0.069974	0.46078	0.93869	0.481	0.481	0	0	0	0	0	1	2	0.32956	0.50326	0.92807	0.20187	0.4445	0.99764	0.361	0.541	0	0	0	0	0	0	0	0	0	0	0	0	0	0	0	0	0	0	0	0	0	0	0	0	0	0	0	0	0	0	0	0	0	0	0	0	0
20.803	0.799	34.219	0.023	0.204	0.141	0.03	0.12985	0.38558	0	0	0	0	0	0	0	0.87733	0.95771	0.91607	1	0	0	0	0	0	0	0	1	0	1	0.11393	0.12436	0	0	0	0	0.34526	0.40296	0	1	1	0.12985	0.38558	0.9996	0.067279	0.38486	0.98853	0.391	0.391	0	0	0	0	0	1	1	0.11393	0.34526	0.99877	0.061602	0.34672	0.99279	0.331	0.331	0	0	0	0	0	1	1	0.12436	0.40296	0.99878	0.063779	0.40234	0.99182	0.391	0.391	0	0	0	0	0	0	0	0	0	0	0	0	0	0	0	0	0	0	0	0	0	0	0	0	0	0	0	0	0	0	0	0	0	0	0	0	0
27.331	1.606	109.14	0.136	0.755	0.228	0.513	0.18439	0.41824	0	0	0	0	0	0	0	0.85403	0.85173	0.99731	0	0	0	0	0	0	0	0	1	0	1	0.15748	0.15705	0	0	0	0	0.4039	0.41828	0	1	1	0.18439	0.41824	0.99708	0.1029	0.41915	0.99149	0.421	0.421	0	0	0	0	0	1	1	0.15748	0.4039	0.99844	0.085275	0.40677	0.98904	0.391	0.391	0	0	0	0	0	1	1	0.15705	0.41828	0.99729	0.084149	0.4216	0.98972	0.421	0.421	0	0	0	0	0	0	0	0	0	0	0	0	0	0	0	0	0	0	0	0	0	0	0	0	0	0	0	0	0	0	0	0	0	0	0	0	0
28.593	1.638	130.73	0.213	0.752	0.361	0.605	0	0	0	0	0	0	0	0	0	0	0	0	0	0	0	0	0	0	0	0	1	0	0	0.18328	0	0	0	0	0	0.36031	0	0	1	1	0.27283	0.44815	0.90457	0.16373	0.43334	0.92716	0.481	0.481	0	0	0	0	0	1	1	0.18328	0.36031	0.99762	0.10146	0.36039	0.98441	0.361	0.361	0	0	0	0	0	1	1	0.32061	0.31077	0.95504	0.17826	0.30796	0.97868	0.361	0.361	0	0	0	0	0	0	0	0	0	0	0	0	0	0	0	0	0	0	0	0	0	0	0	0	0	0	0	0	0	0	0	0	0	0	0	0	0
24.929	2.753	109.48	0.637	1.957	0.415	1.975	0.22777	0.44795	0	0	0	0	0	0	0	0.74183	0	0	0	0	0	0	0	0	0	0	1	0	1	0.16897	0	0	0	0	0	0.41347	0	0	1	1	0.22777	0.44795	0.99395	0.02417	0.43855	0.91461	0.421	0.421	0	0	0	0	0	1	1	0.16897	0.41347	0.99568	0.056798	0.42711	0.93521	0.421	0.421	0	0	0	0	0	1	1	0.1148	0.45082	0.9745	0.060358	0.45091	0.97613	0.451	0.451	0	0	0	0	0	0	0	0	0	0	0	0	0	0	0	0	0	0	0	0	0	0	0	0	0	0	0	0	0	0	0	0	0	0	0	0	0
28.614	2.229	2.581	0.382	1.184	0.411	1.852	0	0	0	0	0	0	0	0	0	0	0	0.73551	0	0	0	0	0	0	0	0	1	0	0	0.20977	0.15429	0	0	0	0	0.33333	0.23325	0	1	1	0.20343	0.43403	0.94888	0.10494	0.43418	0.77788	0.451	0.451	0	0	0	0	0	1	1	0.20977	0.33333	0.9966	0.056911	0.356	0.94128	0.331	0.331	0	0	0	0	0	1	2	0.28637	0.23626	0.97608	0.15429	0.23325	0.9987	0.18	0.271	0	0	0	0	0	0	0	0	0	0	0	0	0	0	0	0	0	0	0	0	0	0	0	0	0	0	0	0	0	0	0	0	0	0	0	0	0
27.49	2.104	90	0.011	0.136	0.102	0.03	0	0	0	0	0	0	0	0	0	0	0	0	1	0	0	0	0	0	0	0	1	0	0	0	0	0	0	0	0	0	0	0	1	1	0.1181	0.39229	0.96222	0.058384	0.39145	0.93016	0.391	0.391	0	0	0	0	0	1	1	0.12484	0.39146	0.96145	0.062332	0.39122	0.92883	0.391	0.391	0	0	0	0	0	1	1	0.11626	0.39053	0.95317	0.057699	0.39048	0.91402	0.391	0.391	0	0	0	0	0	0	0	0	0	0	0	0	0	0	0	0	0	0	0	0	0	0	0	0	0	0	0	0	0	0	0	0	0	0	0	0	0
25.91	2.871	125.24	0.412	1.208	0.434	2.23	0.31509	0.40081	0	0	0	0	0	0	0	0.64926	0.55717	0.85816	0	0	0	0	0	0	0	0	2	1	0	0.20457	0.17556	0	0	0	0	0.45809	0.46762	0	1	2	0.19031	0.24398	-0.1656	0.31509	0.40081	0.99322	0.24	0.571	0	0	0	0	0	1	1	0.20457	0.45809	0.9962	0.017056	0.46526	0.92283	0.451	0.451	0	0	0	0	0	1	1	0.17556	0.46762	0.99908	0.091716	0.46821	0.98828	0.481	0.481	0	0	0	0	0	0	0	0	0	0	0	0	0	0	0	0	0	0	0	0	0	0	0	0	0	0	0	0	0	0	0	0	0	0	0	0	0
30.225	2.46	0	0.016	0.161	0.129	0	0.13298	0.39715	0	0	0	0	0	0	0	1.1345	1.0322	0.90982	1	0	0	0	0	0	0	0	1	0	1	0.15086	0.13725	0	0	0	0	0.40334	0.3954	0	1	1	0.13298	0.39715	0.98907	0.070398	0.39889	0.96278	0.391	0.391	0	0	0	0	0	1	1	0.15086	0.40334	0.98876	0.078857	0.40679	0.97935	0.391	0.391	0	0	0	0	0	1	1	0.13725	0.3954	0.9887	0.073539	0.39944	0.9643	0.391	0.391	0	0	0	0	0	0	0	0	0	0	0	0	0	0	0	0	0	0	0	0	0	0	0	0	0	0	0	0	0	0	0	0	0	0	0	0	0
13.334	2.573	135	0.02	0.167	0.152	0.03	0	0	0	0	0	0	0	0	0	0	0	0	1	0	0	0	0	0	0	0	1	0	0	0	0	0	0	0	0	0	0	0	1	1	0.14035	0.38841	0.84743	0.068881	0.38593	0.5624	0.391	0.391	0	0	0	0	0	1	1	0.1431	0.40936	0.84292	0.070424	0.40997	0.73303	0.421	0.421	0	0	0	0	0	1	1	0.13467	0.38967	0.66613	0.063917	0.39036	0.44607	0.391	0.391	0	0	0	0	0	0	0	0	0	0	0	0	0	0	0	0	0	0	0	0	0	0	0	0	0	0	0	0	0	0	0	0	0	0	0	0	0
26.508	2.692	112.88	0.033	0.23	0.185	2.23	0.16966	0.39537	0	0	0	0	0	0	0	0.80926	0.97042	0.83393	1	0	0	0	0	0	0	0	1	0	1	0.1373	0.16464	0	0	0	0	0.38477	0.39146	0	1	1	0.16966	0.39537	0.99641	0.094239	0.39755	0.98295	0.391	0.391	0	0	0	0	0	1	1	0.1373	0.38477	0.99618	0.075561	0.38747	0.98629	0.391	0.391	0	0	0	0	0	1	1	0.16464	0.39146	0.99304	0.086798	0.39131	0.98167	0.391	0.391	0	0	0	0	0	0	0	0	0	0	0	0	0	0	0	0	0	0	0	0	0	0	0	0	0	0	0	0	0	0	0	0	0	0	0	0	0
13.512	2.951	108.08	0.023	0.195	0.153	0.03	0	0	0	0	0	0	0	0	0	0	0	0	1	0	0	0	0	0	0	0	1	0	0	0	0	0	0	0	0	0	0	0	1	1	0.58011	0.631	0.30232	0.10358	0.43412	0.24137	0.481	0.481	0	0	0	0	0	1	0	0	0	0	0	0	0	0	0	0	0	0	0	0	1	1	0.1669	0.42583	0.52978	0.074012	0.43319	0.23325	0.451	0.451	0	0	0	0	0	0	0	0	0	0	0	0	0	0	0	0	0	0	0	0	0	0	0	0	0	0	0	0	0	0	0	0	0	0	0	0	0
27.635	3.121	15.451	0.029	0.266	0.138	0.193	0.11573	0.38281	0	0	0	0	0	0	0	0.99263	0.94393	0.95094	1	0	0	0	0	0	0	0	1	0	1	0.11488	0.10924	0	0	0	0	0.37266	0.38295	0	1	1	0.11573	0.38281	0.99987	0.061919	0.38265	0.99052	0.391	0.391	0	0	0	0	0	1	1	0.11488	0.37266	0.99957	0.062506	0.37131	0.9897	0.361	0.361	0	0	0	0	0	1	1	0.10924	0.38295	0.99984	0.060041	0.3841	0.99087	0.391	0.391	0	0	0	0	0	0	0	0	0	0	0	0	0	0	0	0	0	0	0	0	0	0	0	0	0	0	0	0	0	0	0	0	0	0	0	0	0
14.126	3.844	83.839	0.021	0.199	0.133	0	0.12585	0.36925	0	0	0	0	0	0	0	1.0418	1.0349	0.99333	1	0	0	0	0	0	0	0	1	0	1	0.13112	0.13024	0	0	0	0	0.37942	0.39119	0	1	1	0.12585	0.36925	0.99939	0.065962	0.36891	0.9905	0.361	0.361	0	0	0	0	0	1	1	0.13112	0.37942	0.99626	0.067984	0.37926	0.98716	0.391	0.391	0	0	0	0	0	1	1	0.13024	0.39119	0.99882	0.067408	0.3947	0.99047	0.391	0.391	0	0	0	0	0	0	0	0	0	0	0	0	0	0	0	0	0	0	0	0	0	0	0	0	0	0	0	0	0	0	0	0	0	0	0	0	0
26.268	4.687	109.9	0.295	1.215	0.309	0.906	0.14717	0.38902	0	0	0	0	0	0	0	1.2172	1.0953	0.89989	0	0	0	0	0	0	0	0	2	1	0	0.17913	0.1612	0	0	0	0	0.40784	0.39996	0	1	2	0.24019	0.40033	0.93664	0.14717	0.38902	0.99934	0.331	0.451	0	0	0	0	0	1	1	0.17913	0.40784	0.99765	0.093625	0.40784	0.96467	0.421	0.421	0	0	0	0	0	1	1	0.1612	0.39996	0.99962	0.08434	0.39773	0.99278	0.391	0.391	0	0	0	0	0	0	0	0	0	0	0	0	0	0	0	0	0	0	0	0	0	0	0	0	0	0	0	0	0	0	0	0	0	0	0	0	0
27.065	4.73	45	0.019	0.184	0.131	0.043	0.11477	0.36094	0	0	0	0	0	0	0	0.96472	1.0057	0.95929	1	0	0	0	0	0	0	0	1	0	1	0.11073	0.11542	0	0	0	0	0.38531	0.37659	0	1	1	0.11477	0.36094	0.99987	0.057411	0.36101	0.98933	0.361	0.361	0	0	0	0	0	1	1	0.11073	0.38531	0.99986	0.059532	0.38649	0.9928	0.391	0.391	0	0	0	0	0	1	1	0.11542	0.37659	0.99989	0.061639	0.37731	0.99384	0.391	0.391	0	0	0	0	0	0	0	0	0	0	0	0	0	0	0	0	0	0	0	0	0	0	0	0	0	0	0	0	0	0	0	0	0	0	0	0	0
15.545	6.449	118.51	0.407	2.371	0.218	2.147	0.19035	0.41838	0	0	0	0	0	0	0	0.74561	0.70736	0.94869	0	0	0	0	0	0	0	0	1	0	1	0.14192	0.13464	0	0	0	0	0.40458	0.61368	0	1	1	0.19035	0.41838	0.9875	0.054273	0.43074	0.92512	0.451	0.451	0	0	0	0	0	1	1	0.14192	0.40458	0.99769	0.073883	0.40184	0.99487	0.391	0.391	0	0	0	0	0	1	1	0.13464	0.61368	0.98933	0.069433	0.59628	0.94379	0.601	0.601	0	0	0	0	0	0	0	0	0	0	0	0	0	0	0	0	0	0	0	0	0	0	0	0	0	0	0	0	0	0	0	0	0	0	0	0	0
27.689	6.257	101.42	0.193	1.283	0.192	1.079	0.14448	0.3715	0	0	0	0	0	0	0	0.9188	1.1691	0.78593	0	0	0	0	0	0	0	0	1	0	1	0.13275	0.16891	0	0	0	0	0.40756	0.46	0	1	1	0.14448	0.3715	0.9992	0.077034	0.3673	0.98927	0.361	0.361	0	0	0	0	0	1	1	0.13275	0.40756	0.99952	0.068977	0.40696	0.99318	0.391	0.391	0	0	0	0	0	1	1	0.16891	0.46	0.99381	0.088382	0.45961	0.99646	0.481	0.481	0	0	0	0	0	0	0	0	0	0	0	0	0	0	0	0	0	0	0	0	0	0	0	0	0	0	0	0	0	0	0	0	0	0	0	0	0
20.543	6.601	45	0.02	0.167	0.152	0	0.13757	0.37222	0	0	0	0	0	0	0	1.0125	0.93083	0.91931	1	0	0	0	0	0	0	0	1	0	1	0.13929	0.12805	0	0	0	0	0.39617	0.36945	0	1	1	0.13757	0.37222	0.99942	0.070005	0.37217	0.98934	0.361	0.361	0	0	0	0	0	1	1	0.13929	0.39617	0.99978	0.073892	0.39345	0.99148	0.391	0.391	0	0	0	0	0	1	1	0.12805	0.36945	0.99985	0.066111	0.36885	0.99076	0.361	0.361	0	0	0	0	0	0	0	0	0	0	0	0	0	0	0	0	0	0	0	0	0	0	0	0	0	0	0	0	0	0	0	0	0	0	0	0	0
19.34	7.21	60.533	0.023	0.204	0.147	0.043	0.12976	0.36591	0	0	0	0	0	0	0	0.97988	0.91083	0.92953	1	0	0	0	0	0	0	0	1	0	1	0.12715	0.11819	0	0	0	0	0.39353	0.37988	0	1	1	0.12976	0.36591	0.99984	0.066454	0.36618	0.99027	0.361	0.361	0	0	0	0	0	1	1	0.12715	0.39353	0.99958	0.065409	0.39496	0.99104	0.391	0.391	0	0	0	0	0	1	1	0.11819	0.37988	0.99981	0.063124	0.3808	0.99386	0.391	0.391	0	0	0	0	0	0	0	0	0	0	0	0	0	0	0	0	0	0	0	0	0	0	0	0	0	0	0	0	0	0	0	0	0	0	0	0	0
16.478	7.531	176.48	0.067	0.416	0.205	0.235	0	0	0	0	0	0	0	0	0	0	0	0	0	0	0	0	0	0	0	0	1	0	0	0	0	0	0	0	0	0	0	0	1	1	0.25713	0.40219	0.84193	0.14735	0.4249	0.9441	0.361	0.361	0	0	0	0	0	1	1	0.22717	0.46245	0.92142	0.11675	0.46055	0.9629	0.481	0.481	0	0	0	0	0	1	1	0.18449	0.381	0.62689	0.090764	0.35798	0.41122	0.301	0.301	0	0	0	0	0	0	0	0	0	0	0	0	0	0	0	0	0	0	0	0	0	0	0	0	0	0	0	0	0	0	0	0	0	0	0	0	0
21.495	7.826	125.45	0.029	0.25	0.147	0.115	0.12374	0.40858	0	0	0	0	0	0	0	0.99577	0.94672	0.95074	1	0	0	0	0	0	0	0	1	0	1	0.12322	0.11715	0	0	0	0	0.38392	0.41945	0	1	1	0.12374	0.40858	0.99952	0.065534	0.40874	0.98848	0.421	0.421	0	0	0	0	0	1	1	0.12322	0.38392	0.99983	0.064826	0.38416	0.99016	0.391	0.391	0	0	0	0	0	1	1	0.11715	0.41945	0.99937	0.062595	0.41776	0.98884	0.421	0.421	0	0	0	0	0	0	0	0	0	0	0	0	0	0	0	0	0	0	0	0	0	0	0	0	0	0	0	0	0	0	0	0	0	0	0	0	0
16.964	7.937	9.01	0.187	1.11	0.215	0.844	0.1688	0.4063	0	0	0	0	0	0	0	0.84731	0.96217	0.88062	0	0	0	0	0	0	0	0	1	0	1	0.14302	0.16241	0	0	0	0	0.36132	0.38697	0	1	1	0.1688	0.4063	0.99397	0.092451	0.40318	0.99064	0.391	0.391	0	0	0	0	0	1	1	0.14302	0.36132	0.9995	0.077633	0.35961	0.99109	0.361	0.361	0	0	0	0	0	1	1	0.16241	0.38697	0.9974	0.086831	0.38903	0.98712	0.391	0.391	0	0	0	0	0	0	0	0	0	0	0	0	0	0	0	0	0	0	0	0	0	0	0	0	0	0	0	0	0	0	0	0	0	0	0	0	0
28.289	8.629	110.16	0.153	0.914	0.213	0.688	0.17206	0.3897	0	0	0	0	0	0	0	1.0124	0.89582	0.88483	0	0	0	0	0	0	0	0	1	0	1	0.17419	0.15413	0	0	0	0	0.39614	0.40355	0	1	1	0.17206	0.3897	0.99665	0.096705	0.38977	0.99506	0.391	0.391	0	0	0	0	0	1	1	0.17419	0.39614	0.99711	0.092653	0.39526	0.99186	0.391	0.391	0	0	0	0	0	1	1	0.15413	0.40355	0.99912	0.086114	0.40435	0.99128	0.391	0.391	0	0	0	0	0	0	0	0	0	0	0	0	0	0	0	0	0	0	0	0	0	0	0	0	0	0	0	0	0	0	0	0	0	0	0	0	0
27.729	8.629	112.5	0.044	0.257	0.219	0.03	0.19911	0.39124	0	0	0	0	0	0	0	0.89799	0.84816	0.94451	1	0	0	0	0	0	0	0	1	0	1	0.1788	0.16888	0	0	0	0	0.40412	0.40381	0	1	1	0.19911	0.39124	0.99332	0.1088	0.39116	0.99772	0.391	0.391	0	0	0	0	0	1	1	0.1788	0.40412	0.99765	0.095146	0.40353	0.99093	0.391	0.391	0	0	0	0	0	1	1	0.16888	0.40381	0.99918	0.089844	0.40462	0.98742	0.391	0.391	0	0	0	0	0	0	0	0	0	0	0	0	0	0	0	0	0	0	0	0	0	0	0	0	0	0	0	0	0	0	0	0	0	0	0	0	0
15.99	8.653	42.067	0.025	0.227	0.142	0.115	0.12442	0.36678	0	0	0	0	0	0	0	0.98626	1.0024	0.98388	1	0	0	0	0	0	0	0	1	0	1	0.12271	0.12472	0	0	0	0	0.40187	0.37354	0	1	1	0.12442	0.36678	0.99786	0.065034	0.36707	0.98012	0.361	0.361	0	0	0	0	0	1	1	0.12271	0.40187	0.99908	0.065164	0.40162	0.98301	0.391	0.391	0	0	0	0	0	1	1	0.12472	0.37354	0.9995	0.065653	0.37454	0.99252	0.391	0.391	0	0	0	0	0	0	0	0	0	0	0	0	0	0	0	0	0	0	0	0	0	0	0	0	0	0	0	0	0	0	0	0	0	0	0	0	0
22.104	9.522	68.491	0.068	0.462	0.187	0.278	0.17862	0.38375	0	0	0	0	0	0	0	0.89301	0.83195	0.93163	0	0	0	0	0	0	0	0	1	0	1	0.15951	0.1486	0	0	0	0	0.36896	0.40377	0	1	1	0.17862	0.38375	0.991	0.043717	0.37774	0.92801	0.361	0.361	0	0	0	0	0	1	1	0.15951	0.36896	0.99185	0.088772	0.37124	0.98797	0.361	0.361	0	0	0	0	0	1	1	0.1486	0.40377	0.99971	0.076258	0.40142	0.99051	0.391	0.391	0	0	0	0	0	0	0	0	0	0	0	0	0	0	0	0	0	0	0	0	0	0	0	0	0	0	0	0	0	0	0	0	0	0	0	0	0
14.573	10.288	136.96	0.16	0.509	0.4	0.641	0	0	0	0	0	0	0	0	0	0	0	0.55521	0	0	0	0	0	0	0	0	1	0	0	0.361	0.20043	0	0	0	0	0.3905	0.42397	0	1	1	0.32956	0.36829	0.94154	0.17325	0.37013	0.98242	0.331	0.331	0	0	0	0	0	1	2	0.64	0.35075	0.31155	0.34442	0.39645	0.90008	0.21	0.571	0	0	0	0	0	1	1	0.20043	0.42397	0.98287	0.11002	0.41953	0.99711	0.421	0.421	0	0	0	0	0	0	0	0	0	0	0	0	0	0	0	0	0	0	0	0	0	0	0	0	0	0	0	0	0	0	0	0	0	0	0	0	0
13.367	11.154	47.246	0.36	2.057	0.223	2.061	0.18371	0.31873	0	0	0	0	0	0	0	0.78514	0.79813	0.98372	0	0	0	0	0	0	0	0	1	0	1	0.14424	0.14663	0	0	0	0	0.44298	0.49976	0	1	1	0.18371	0.31873	0.98658	0.096386	0.32151	0.99704	0.331	0.331	0	0	0	0	0	1	1	0.14424	0.44298	0.9965	0.072072	0.44381	0.98262	0.451	0.451	0	0	0	0	0	1	1	0.14663	0.49976	0.9948	0.078781	0.49716	0.99017	0.511	0.511	0	0	0	0	0	0	0	0	0	0	0	0	0	0	0	0	0	0	0	0	0	0	0	0	0	0	0	0	0	0	0	0	0	0	0	0	0
24.381	11.17	141.97	0.333	2.162	0.196	1.928	0.15426	0.4401	0	0	0	0	0	0	0	0.80057	0.73015	0.91204	0	0	0	0	0	0	0	0	1	0	1	0.12349	0.11263	0	0	0	0	0.3971	0.36601	0	1	1	0.15426	0.4401	0.99724	0.082747	0.44139	0.98865	0.421	0.421	0	0	0	0	0	1	1	0.12349	0.3971	0.99944	0.064288	0.39652	0.98837	0.391	0.391	0	0	0	0	0	1	1	0.11263	0.36601	0.99939	0.061116	0.3639	0.99456	0.361	0.361	0	0	0	0	0	0	0	0	0	0	0	0	0	0	0	0	0	0	0	0	0	0	0	0	0	0	0	0	0	0	0	0	0	0	0	0	0
16.092	11.227	90	0.021	0.163	0.162	0.03	0.14261	0.38716	0	0	0	0	0	0	0	1.0019	1.1701	0.85626	1	0	0	0	0	0	0	0	1	0	1	0.14288	0.16687	0	0	0	0	0.38428	0.38983	0	1	1	0.14261	0.38716	0.99582	0.081713	0.38552	0.98219	0.391	0.391	0	0	0	0	0	1	1	0.14288	0.38428	0.99168	0.079379	0.37917	0.98109	0.391	0.391	0	0	0	0	0	1	1	0.16687	0.38983	0.99446	0.092592	0.39017	0.98075	0.391	0.391	0	0	0	0	0	0	0	0	0	0	0	0	0	0	0	0	0	0	0	0	0	0	0	0	0	0	0	0	0	0	0	0	0	0	0	0	0
28.539	11.732	95.902	0.067	0.411	0.207	0.163	0.17968	0.39095	0	0	0	0	0	0	0	0.89125	0.79703	0.89428	0	0	0	0	0	0	0	0	1	0	1	0.16014	0.14321	0	0	0	0	0.40634	0.37163	0	1	1	0.17968	0.39095	0.99446	0.098379	0.3917	0.99697	0.391	0.391	0	0	0	0	0	1	1	0.16014	0.40634	0.99727	0.086866	0.40783	0.99129	0.421	0.421	0	0	0	0	0	1	1	0.14321	0.37163	0.9992	0.072547	0.37155	0.99099	0.361	0.361	0	0	0	0	0	0	0	0	0	0	0	0	0	0	0	0	0	0	0	0	0	0	0	0	0	0	0	0	0	0	0	0	0	0	0	0	0
29.061	11.871	95.745	0.088	0.594	0.188	0.313	0.16073	0.41684	0	0	0	0	0	0	0	0.90312	0	0	0	0	0	0	0	0	0	0	1	0	1	0.14516	0	0	0	0	0	0.40391	0	0	1	1	0.16073	0.41684	0.99552	0.086257	0.41946	0.99667	0.421	0.421	0	0	0	0	0	1	1	0.14516	0.40391	0.99972	0.073597	0.40373	0.99246	0.391	0.391	0	0	0	0	0	1	1	0.14567	0.38324	0.97541	0.077625	0.38682	0.95426	0.391	0.391	0	0	0	0	0	0	0	0	0	0	0	0	0	0	0	0	0	0	0	0	0	0	0	0	0	0	0	0	0	0	0	0	0	0	0	0	0
28.69	12.187	135	0.02	0.167	0.152	0.313	0	0	0	0	0	0	0	0	0	0	0	0	1	0	0	0	0	0	0	0	1	0	0	0.12661	0	0	0	0	0	0.39568	0	0	1	1	0.1332	0.39078	-2.0799e+50	0.072605	0.39113	0.96548	0.391	0.391	0	0	0	0	0	1	1	0.12661	0.39568	0.99985	0.065461	0.39607	0.98994	0.391	0.391	0	0	0	0	0	1	1	0.13516	0.40907	0.92024	0.06948	0.40931	0.8626	0.421	0.421	0	0	0	0	0	0	0	0	0	0	0	0	0	0	0	0	0	0	0	0	0	0	0	0	0	0	0	0	0	0	0	0	0	0	0	0	0
26.08	12.726	108.56	0.028	0.231	0.155	0.043	0.14953	0.38274	0	0	0	0	0	0	0	1.0164	0.90899	0.89433	1	0	0	0	0	0	0	0	1	0	1	0.15198	0.13592	0	0	0	0	0.37126	0.40049	0	1	1	0.14953	0.38274	0.99892	0.080591	0.38441	0.99662	0.391	0.391	0	0	0	0	0	1	1	0.15198	0.37126	0.99645	0.076627	0.37222	0.99393	0.361	0.361	0	0	0	0	0	1	1	0.13592	0.40049	0.9975	0.074724	0.39832	0.99636	0.391	0.391	0	0	0	0	0	0	0	0	0	0	0	0	0	0	0	0	0	0	0	0	0	0	0	0	0	0	0	0	0	0	0	0	0	0	0	0	0
27.992	13.094	145.15	0.164	1.077	0.194	0.861	0.15844	0.41602	0	0	0	0	0	0	0	0.85668	0.8857	0.96723	0	0	0	0	0	0	0	0	1	0	1	0.13573	0.14033	0	0	0	0	0.39635	0.40315	0	1	1	0.15844	0.41602	0.99984	0.082687	0.41841	0.98257	0.421	0.421	0	0	0	0	0	1	1	0.13573	0.39635	0.99964	0.070983	0.39676	0.98354	0.391	0.391	0	0	0	0	0	1	1	0.14033	0.40315	0.99837	0.071599	0.40309	0.99213	0.391	0.391	0	0	0	0	0	0	0	0	0	0	0	0	0	0	0	0	0	0	0	0	0	0	0	0	0	0	0	0	0	0	0	0	0	0	0	0	0
8.401	13.984	14.262	0.978	2.905	0.428	3.585	0.2397	0.36827	0	0	0	0	0	0	0	0.67764	0.5028	0.74198	0	0	0	0	0	0	0	0	2	1	0	0.16243	0.12052	0	0	0	0	0.47375	0.53058	0	1	2	0.41935	0.28731	0.84377	0.2397	0.36827	0.9803	0.21	0.481	0	0	0	0	0	1	2	0.26893	0.4457	0.92832	0.16243	0.47375	0.99833	0.391	0.541	0	0	0	0	0	1	2	0.21617	0.54495	0.97574	0.12052	0.53058	0.99956	0.511	0.571	0	0	0	0	0	0	0	0	0	0	0	0	0	0	0	0	0	0	0	0	0	0	0	0	0	0	0	0	0	0	0	0	0	0	0	0	0
28.704	13.764	14.141	0.036	0.256	0.18	0.103	0.15056	0.38266	0	0	0	0	0	0	0	0.90757	1.0322	0.87922	1	0	0	0	0	0	0	0	1	0	1	0.13665	0.15542	0	0	0	0	0.3799	0.37698	0	1	1	0.15056	0.38266	0.99924	0.079057	0.38612	0.99136	0.391	0.391	0	0	0	0	0	1	1	0.13665	0.3799	0.9994	0.070186	0.37992	0.99044	0.391	0.391	0	0	0	0	0	1	1	0.15542	0.37698	0.99757	0.086601	0.37812	0.99066	0.361	0.361	0	0	0	0	0	0	0	0	0	0	0	0	0	0	0	0	0	0	0	0	0	0	0	0	0	0	0	0	0	0	0	0	0	0	0	0	0
29.534	14.143	0	0.008	0.102	0.102	0.06	0.12631	0.38854	0	0	0	0	0	0	0	0.98618	0.97973	0.99347	1	0	0	0	0	0	0	0	1	0	1	0.12457	0.12375	0	0	0	0	0.37914	0.39377	0	1	1	0.12631	0.38854	0.99673	0.061598	0.38957	0.99089	0.391	0.391	0	0	0	0	0	1	1	0.12457	0.37914	0.99611	0.065922	0.38013	0.99229	0.391	0.391	0	0	0	0	0	1	1	0.12375	0.39377	0.99667	0.061761	0.39172	0.99045	0.391	0.391	0	0	0	0	0	0	0	0	0	0	0	0	0	0	0	0	0	0	0	0	0	0	0	0	0	0	0	0	0	0	0	0	0	0	0	0	0
29.47	14.801	135	0.035	0.222	0.202	0.03	0.18276	0.39503	0	0	0	0	0	0	0	0.8786	0.93739	0.93728	1	0	0	0	0	0	0	0	1	0	1	0.16058	0.17132	0	0	0	0	0.4127	0.41622	0	1	1	0.18276	0.39503	0.99883	0.099993	0.39528	0.98408	0.391	0.391	0	0	0	0	0	1	1	0.16058	0.4127	0.99885	0.085219	0.41417	0.98879	0.421	0.421	0	0	0	0	0	1	1	0.17132	0.41622	0.99842	0.094343	0.41385	0.9871	0.421	0.421	0	0	0	0	0	0	0	0	0	0	0	0	0	0	0	0	0	0	0	0	0	0	0	0	0	0	0	0	0	0	0	0	0	0	0	0	0
29.639	15.331	0	0.014	0.136	0.136	0.03	0.13911	0.36742	0	0	0	0	0	0	0	1.0295	0.98601	0.95778	1	0	0	0	0	0	0	0	1	0	1	0.14321	0.13716	0	0	0	0	0.36794	0.36757	0	1	1	0.13911	0.36742	0.99761	0.070196	0.36777	0.98976	0.361	0.361	0	0	0	0	0	1	1	0.14321	0.36794	0.99627	0.072044	0.36837	0.98769	0.361	0.361	0	0	0	0	0	1	1	0.13716	0.36757	0.99811	0.069432	0.36797	0.99084	0.361	0.361	0	0	0	0	0	0	0	0	0	0	0	0	0	0	0	0	0	0	0	0	0	0	0	0	0	0	0	0	0	0	0	0	0	0	0	0	0
0.231	18.477	46.166	0.113	0.719	0.2	0.468	0.16581	0.38217	0	0	0	0	0	0	0	0.7039	0.78354	0.89835	0	0	0	0	0	0	0	0	1	0	1	0.11672	0.12992	0	0	0	0	0.36644	0.41278	0	1	1	0.16581	0.38217	0.99256	0.034459	0.37335	0.92092	0.361	0.361	0	0	0	0	0	1	1	0.11672	0.36644	0.99994	0.062034	0.36576	0.99128	0.361	0.361	0	0	0	0	0	1	1	0.12992	0.41278	0.99657	0.071366	0.41074	0.98849	0.421	0.421	0	0	0	0	0	0	0	0	0	0	0	0	0	0	0	0	0	0	0	0	0	0	0	0	0	0	0	0	0	0	1	0	0	0	0	0	0
29.889	18.622	90	0.021	0.163	0.162	0.03	0.15635	0.38212	0	0	0	0	0	0	0	0.96117	0.98194	0.97884	1	0	0	0	0	0	0	0	1	0	1	0.15028	0.15353	0	0	0	0	0.38816	0.37672	0	1	1	0.15635	0.38212	0.99781	0.082885	0.38406	0.99481	0.391	0.391	0	0	0	0	0	1	1	0.15028	0.38816	0.99836	0.082021	0.3894	0.99404	0.391	0.391	0	0	0	0	0	1	1	0.15353	0.37672	0.99738	0.079638	0.377	0.99524	0.361	0.361	0	0	0	0	0	0	0	0	0	0	0	0	0	0	0	0	0	0	0	0	0	0	0	0	0	0	0	0	0	0	0	0	0	0	0	0	0
30.488	20.076	92.21	0.101	0.429	0.3	0.103	0.15844	0.38291	0	0	0	0	0	0	0	1.1433	1.1863	0.96378	0	0	0	0	0	0	0	0	2	1	0	0.18115	0.18796	0	0	0	0	0.41601	0.39504	0	1	2	0.25691	0.38994	0.89497	0.15844	0.38291	0.99751	0.301	0.451	0	0	0	0	0	1	1	0.18115	0.41601	0.99949	0.096921	0.41296	0.98302	0.421	0.421	0	0	0	0	0	1	1	0.18796	0.39504	0.99565	0.10159	0.39647	0.99567	0.391	0.391	0	0	0	0	0	0	0	0	0	0	0	0	0	0	0	0	0	0	0	0	0	0	0	0	0	0	0	0	0	0	0	0	0	0	0	0	0
23.75	20.609	89.41	0.258	0.679	0.485	0.343	0	0	0	0	0	0	0	0	0	0	0	0	0	0	0	0	0	0	0	0	0	0	0	0	0	0	0	0	0	0	0	0	1	3	0	0	0	0	0	0	0	0	0.181	0.27	0.3305	0.556	0	1	1	0.2455	0.36393	0.97088	0.13179	0.36613	0.99079	0.361	0.361	0	0	0	0	0	1	4	0	0	0	0	0	0	0	0	0.121	0.27	0.2105	0.526	0	0	0	0	0	0	0	0	0	0	0	0	0	0	0	0	0	0	0	0	0	0	0	0	0	0	0	0	0	0	0	0	0
25.102	21.04	159.99	0.316	1.812	0.222	1.71	0.17034	0.46034	0	0	0	0	0	0	0	1.1468	1.0175	0.88727	0	0	0	0	0	0	0	0	1	0	1	0.19534	0.17332	0	0	0	0	0.34266	0.3301	0	1	1	0.17034	0.46034	0.99705	0.091467	0.46032	0.99131	0.451	0.451	0	0	0	0	0	1	1	0.19534	0.34266	0.99705	0.10222	0.34541	0.98172	0.331	0.331	0	0	0	0	0	1	1	0.17332	0.3301	0.99096	0.095164	0.32704	0.98855	0.331	0.331	0	0	0	0	0	0	0	0	0	0	0	0	0	0	0	0	0	0	0	0	0	0	0	0	0	0	0	0	0	0	0	0	0	0	0	0	0
23.327	20.862	0	0.014	0.136	0.136	0.03	0	0	0	0	0	0	0	0	0	0	0	0.79669	1	0	0	0	0	0	0	0	1	0	0	0.13324	0.16725	0	0	0	0	0.34434	0.37126	0	1	1	0.18026	0.37023	0.95078	0.10229	0.37336	0.97454	0.361	0.361	0	0	0	0	0	1	2	0.24632	0.34792	0.93248	0.13324	0.34434	0.94307	0.331	0.391	0	0	0	0	0	1	1	0.16725	0.37126	0.99064	0.081157	0.37183	0.98922	0.361	0.361	0	0	0	0	0	0	0	0	0	0	0	0	0	0	0	0	0	0	0	0	0	0	0	0	0	0	0	0	0	0	0	0	0	0	0	0	0
30.031	21.409	43.687	0.028	0.207	0.173	0.03	0.16245	0.39677	0	0	0	0	0	0	0	0.95163	0.90283	0.94872	1	0	0	0	0	0	0	0	1	0	1	0.1546	0.14667	0	0	0	0	0.37444	0.39281	0	1	1	0.16245	0.39677	0.99445	0.090252	0.39699	0.99549	0.391	0.391	0	0	0	0	0	1	1	0.1546	0.37444	0.99638	0.084206	0.37368	0.99707	0.361	0.361	0	0	0	0	0	1	1	0.14667	0.39281	0.99795	0.078843	0.39302	0.99413	0.391	0.391	0	0	0	0	0	0	0	0	0	0	0	0	0	0	0	0	0	0	0	0	0	0	0	0	0	0	0	0	0	0	0	0	0	0	0	0	0
30.726	22.079	90	0.016	0.161	0.129	0.03	0.077642	0.38001	0	0	0	0	0	1	0	0.9681	1.0694	0.90532	1	0	0	0	0	0	0	0	1	0	1	0.075166	0.083027	0	0	0	0	0.38068	0.37865	0	1	1	0.077642	0.38001	0.99091	0.045376	0.37974	0.98868	0.391	0.391	0	0	0	0	0	1	1	0.075166	0.38068	0.99331	0.040235	0.38246	0.99124	0.391	0.391	0	0	0	0	0	1	1	0.083027	0.37865	0.98826	0.045866	0.38012	0.98693	0.391	0.391	0	0	0	0	0	0	0	0	0	0	0	0	0	0	0	0	0	0	0	0	0	0	0	0	0	0	0	0	0	0	1	0	0	0	0	0	0
23.9	22.293	77.179	0.017	0.167	0.131	0	0.10922	0.38392	0	0	0	0	0	0	0	1.0155	1.0896	0.93199	1	0	0	0	0	0	0	0	1	0	1	0.11091	0.119	0	0	0	0	0.40936	0.38911	0	1	1	0.10922	0.38392	0.99637	0.062467	0.38344	0.98241	0.391	0.391	0	0	0	0	0	1	1	0.11091	0.40936	0.99417	0.064208	0.40795	0.98108	0.421	0.421	0	0	0	0	0	1	1	0.119	0.38911	0.99842	0.061833	0.3884	0.99103	0.391	0.391	0	0	0	0	0	0	0	0	0	0	0	0	0	0	0	0	0	0	0	0	0	0	0	0	0	0	0	0	0	0	0	0	0	0	0	0	0
20.624	23.542	39.143	0.626	4.026	0.198	3.602	0.16852	0.39811	0	0	0	0	0	0	0	0	0.26003	0	0	0	0	0	0	0	0	0	1	0	1	0	0.04382	0	0	0	0	0	0.40396	0	1	1	0.16852	0.39811	0.99666	0.090657	0.39665	0.99256	0.391	0.391	0	0	0	0	0	1	1	0.048528	0.38586	-3.1701e+39	0.027448	0.38696	0.95623	0.391	0.391	0	0	0	0	0	1	1	0.04382	0.40396	0.99606	0.020101	0.40385	0.97689	0.391	0.391	0	0	0	0	0	0	0	0	0	0	0	0	0	0	0	0	0	0	0	0	0	0	0	0	0	0	0	0	0	0	0	0	0	0	0	0	0
30.175	22.758	157.91	0.257	0.784	0.417	1.051	0.28834	0.3612	0	0	0	0	0	0	0	0.69525	0	0	0	0	0	0	0	0	0	0	2	1	0	0.20047	0	0	0	0	0	0.43623	0	0	1	2	0.4951	0.41537	0.4642	0.28834	0.3612	0.96133	0.21	0.541	0	0	0	0	0	1	2	0.31122	0.45032	0.76666	0.20047	0.43623	0.9977	0.331	0.541	0	0	0	0	0	1	1	0.27104	0.37156	0.91782	0.13303	0.3731	0.8328	0.361	0.361	0	0	0	0	0	0	0	0	0	0	0	0	0	0	0	0	0	0	0	0	0	0	0	0	0	0	0	0	0	0	0	0	0	0	0	0	0
30.691	22.966	0	0.014	0.136	0.136	0.03	0	0	0	0	0	0	0	0	0	0	0	0	1	0	0	0	0	0	0	0	1	0	0	0	0	0	0	0	0	0	0	0	1	1	0.15856	0.37429	0.8788	0.081506	0.37389	0.64279	0.391	0.391	0	0	0	0	0	1	1	0.15302	0.37145	0.8746	0.080231	0.37039	0.89811	0.391	0.391	0	0	0	0	0	1	1	0.1501	0.37531	0.41628	0.078745	0.3752	0.379	0.391	0.391	0	0	0	0	0	0	0	0	0	0	0	0	0	0	0	0	0	0	0	0	0	0	0	0	0	0	0	0	0	0	1	0	0	0	0	0	0
30.328	23.119	135	0.014	0.14	0.123	1.051	0.2383	0.51185	0	0	0	0	0	0	0	1.1346	0.96985	0.85481	1	0	0	0	0	0	0	0	2	1	0	0.27038	0.23112	0	0	0	0	0.49581	0.51544	0	1	2	0.425	0.631	0.87869	0.2383	0.51185	0.99064	0.391	0.631	0	0	0	0	0	1	2	0.40942	0.631	0.91105	0.27038	0.49581	0.99735	0.391	0.631	0	0	0	0	0	1	2	0.42818	0.631	0.70209	0.23112	0.51544	0.94838	0.421	0.691	0	0	0	0	0	0	0	0	0	0	0	0	0	0	0	0	0	0	0	0	0	0	0	0	0	0	0	0	0	0	0	0	0	0	0	0	0
30.612	23.325	135.92	0.058	0.377	0.195	0.411	0.17612	0.42797	0	0	0	0	0	0	0	0	0.7475	0	0	0	0	0	0	0	0	0	1	0	1	0	0.13165	0	0	0	0	0	0.36498	0	1	1	0.17612	0.42797	0.99526	0.09795	0.4238	0.9825	0.421	0.421	0	0	0	0	0	1	1	0.13069	0.38283	0.67712	0.070514	0.38077	0.46668	0.391	0.391	0	0	0	0	0	1	1	0.13165	0.36498	0.99968	0.068619	0.36659	0.98957	0.361	0.361	0	0	0	0	0	0	0	0	0	0	0	0	0	0	0	0	0	0	0	0	0	0	0	0	0	0	0	0	0	0	1	0	0	0	0	0	0
17.527	26.637	37.089	0.235	1.313	0.228	1.036	0	0	0	0	0	0	0	0	0	0	0	0.92606	0	0	0	0	0	0	0	0	1	0	0	0.13151	0.14201	0	0	0	0	0.342	0.37376	0	1	1	0.18443	0.37915	0.9796	0.02608	0.37335	0.871	0.361	0.361	0	0	0	0	0	1	1	0.13151	0.342	0.99908	0.068445	0.34141	0.99062	0.331	0.331	0	0	0	0	0	1	1	0.14201	0.37376	0.99858	0.072346	0.373	0.99103	0.361	0.361	0	0	0	0	0	0	0	0	0	0	0	0	0	0	0	0	0	0	0	0	0	0	0	0	0	0	0	0	0	0	0	0	0	0	0	0	0
13.985	26.676	175.58	0.668	3.611	0.235	3.721	0.19016	0.45862	0	0	0	0	0	0	0	0.81797	0.88312	0.92623	0	0	0	0	0	0	0	0	1	0	1	0.15554	0.16793	0	0	0	0	0.27392	0.37143	0	1	1	0.19016	0.45862	0.98742	0.06164	0.44448	0.91779	0.451	0.451	0	0	0	0	0	1	1	0.15554	0.27392	0.99903	0.082023	0.27102	0.9917	0.271	0.271	0	0	0	0	0	1	1	0.16793	0.37143	0.99205	0.091659	0.3733	0.99506	0.391	0.391	0	0	0	0	0	0	0	0	0	0	0	0	0	0	0	0	0	0	0	0	0	0	0	0	0	0	0	0	0	0	0	0	0	0	0	0	0
6.891	26.776	168.79	0.197	0.655	0.383	0.411	0.20852	0.40692	0	0	0	0	0	0	0	1.0603	0	0	0	0	0	0	0	0	0	0	2	1	0	0.2211	0	0	0	0	0	0.46527	0	0	1	2	0.3629	0.37678	0.90629	0.20852	0.40692	0.98744	0.331	0.481	0	0	0	0	0	1	1	0.2211	0.46527	0.98955	0.11757	0.45935	0.9857	0.481	0.481	0	0	0	0	0	1	1	0.22157	0.47455	0.9691	0.12112	0.47835	0.96455	0.481	0.481	0	0	0	0	0	0	0	0	0	0	0	0	0	0	0	0	0	0	0	0	0	0	0	0	0	0	0	0	0	0	0	0	0	0	0	0	0
8.596	26.811	7.181	0.504	2.502	0.257	2.211	0	0	0	0	0	0	0	0	0	0	0	0	0	0	0	0	0	0	0	0	1	0	0	0.04	0	0	0	0	0	0.29228	0	0	1	1	0.20085	0.3473	0.96416	0.11911	0.34297	0.99709	0.391	0.391	0	0	0	0	0	1	1	0.04	0.29228	0.99725	0.022405	0.29337	-1.9752e+36	0.301	0.301	0	0	0	0	0	1	1	0.14392	0.41822	0.9566	0.073194	0.41581	0.94234	0.421	0.421	0	0	0	0	0	0	0	0	0	0	0	0	0	0	0	0	0	0	0	0	0	0	0	0	0	0	0	0	0	0	0	0	0	0	0	0	0
17.856	26.844	45	0.016	0.234	0.088	0.188	0	0	0	0	0	0	0	0	0	0	0	0	1	0	0	0	0	0	0	0	1	0	0	0	0	0	0	0	0	0	0	0	1	1	0.16847	0.37166	0.62666	0.085369	0.3748	-7.8709e+50	0.361	0.361	0	0	0	0	0	1	1	0.11425	0.35694	0.64319	0.061983	0.36279	0.40909	0.361	0.361	0	0	0	0	0	1	1	0.16035	0.3517	0.68417	0.086978	0.35071	0.48105	0.331	0.331	0	0	0	0	0	0	0	0	0	0	0	0	0	0	0	0	0	0	0	0	0	0	0	0	0	0	0	0	0	0	0	0	0	0	0	0	0
16.673	27.444	169.7	0.155	0.711	0.277	0.803	0.1876	0.3155	0	0	0	0	0	0	0	0	0.87847	0	0	0	0	0	0	0	0	0	1	0	1	0	0.1648	0	0	0	0	0	0.46147	0	1	1	0.1876	0.3155	0.99482	0.097605	0.31396	0.99051	0.301	0.301	0	0	0	0	0	1	1	0.2101	0.51341	0.97956	0.10349	0.51616	0.94607	0.541	0.541	0	0	0	0	0	1	1	0.1648	0.46147	0.99602	0.089176	0.46194	0.99041	0.481	0.481	0	0	0	0	0	0	0	0	0	0	0	0	0	0	0	0	0	0	0	0	0	0	0	0	0	0	0	0	0	0	0	0	0	0	0	0	0
16.533	30.646	61.932	0.031	0.223	0.175	0	0.15837	0.3809	0	0	0	0	0	0	0	0.93747	0.9361	0.99853	1	0	0	0	0	0	0	0	1	0	1	0.14846	0.14825	0	0	0	0	0.37719	0.3786	0	1	1	0.15837	0.3809	0.99844	0.086341	0.3823	0.99256	0.391	0.391	0	0	0	0	0	1	1	0.14846	0.37719	0.99686	0.080288	0.37354	0.98915	0.391	0.391	0	0	0	0	0	1	1	0.14825	0.3786	0.99808	0.080019	0.38139	0.99605	0.391	0.391	0	0	0	0	0	0	0	0	0	0	0	0	0	0	0	0	0	0	0	0	0	0	0	0	0	0	0	0	0	0	1	0	0	0	0	0	0
