 	x	1	2	3	4	5	6	7	8	9	10	11	12	13	14	15	16	17	18	19	20	21	22	23
1	0.025	0.000	63.911	0.000	5.231	23.717	42.900	0.000	31.898	0.000	7.203	58.007	0.000	37.378	0.000	0.000	0.000	0.000	0.000	0.000	0.000	78.818	0.000	0.000
2	0.050	0.000	70.033	0.000	5.059	35.746	34.500	0.000	18.555	0.000	11.185	56.622	0.000	20.896	0.000	0.000	0.000	0.000	0.000	0.000	0.000	82.010	0.000	0.000
3	0.075	0.000	72.779	0.000	5.648	41.115	21.900	0.000	3.109	0.000	15.340	52.733	0.000	10.598	0.000	0.000	0.000	0.000	0.000	0.000	0.000	78.345	0.000	0.000
4	0.100	0.000	71.142	0.000	5.987	48.573	13.400	0.000	0.000	0.000	18.277	44.602	0.000	0.180	0.000	0.000	0.000	0.000	0.000	0.000	0.000	69.580	0.000	0.000
5	0.125	0.000	64.875	0.000	6.124	45.471	2.400	0.000	0.000	0.000	18.931	32.867	0.000	0.000	0.000	0.000	0.000	0.000	0.000	0.000	0.000	58.942	0.000	0.000
6	0.150	0.000	54.421	0.000	8.054	38.163	0.000	0.000	0.000	0.000	18.052	21.533	0.000	0.298	0.000	0.000	0.000	0.000	0.000	0.000	0.000	49.511	0.000	0.000
7	0.175	0.000	41.780	0.000	14.050	28.264	0.000	0.000	0.000	0.000	16.340	13.447	0.000	12.319	0.000	0.000	0.000	0.000	0.000	1.389	0.000	42.825	0.000	0.000
8	0.200	0.000	30.399	0.000	13.180	11.668	0.000	0.000	1.185	0.006	13.676	0.459	12.600	21.541	0.000	0.000	0.000	0.000	0.000	3.425	0.000	39.248	0.000	0.000
9	0.225	0.000	8.846	0.000	11.483	1.679	0.000	0.000	4.132	7.375	9.569	0.000	12.600	34.600	0.607	0.000	3.691	0.000	0.050	2.866	0.000	38.976	0.000	0.000
10	0.250	0.000	0.000	0.000	10.127	0.422	0.000	0.000	9.182	19.120	7.778	0.000	19.100	48.950	5.083	0.000	14.088	0.000	1.476	1.792	0.000	40.891	0.594	0.000
11	0.275	0.000	5.507	0.000	11.065	6.117	7.500	1.163E-4	14.531	28.649	8.195	0.471	19.500	58.591	6.957	6.800	25.602	4.200	4.852	0.884	0.000	45.905	2.110	0.000
12	0.301	0.000	16.721	0.000	15.112	13.752	9.900	4.576	20.281	42.118	9.585	10.638	16.600	59.615	9.806	11.600	43.762	6.800	10.910	1.842	0.958	54.023	4.403	4.800
13	0.326	0.000	22.006	36.300	16.029	18.538	9.700	8.778	26.304	55.790	13.474	18.487	13.700	51.815	13.833	15.300	63.741	8.800	19.941	2.283	2.758	61.673	7.770	7.100
14	0.351	0.000	24.340	36.300	16.274	24.893	9.400	12.845	31.769	65.480	14.113	24.846	13.300	38.563	18.693	18.600	78.450	11.400	29.087	2.739	5.374	66.677	11.643	7.300
15	0.376	0.000	26.568	44.400	15.528	30.432	9.200	18.361	36.394	68.265	13.837	32.229	15.800	25.725	24.476	20.800	83.035	13.000	34.304	4.940	7.425	66.864	13.805	7.400
16	0.401	0.000	28.902	35.800	16.325	32.981	8.800	22.860	38.291	63.030	13.797	36.907	12.400	16.031	29.501	20.900	76.652	12.800	31.436	8.640	8.070	62.285	14.012	6.500
17	0.426	0.000	29.306	23.800	16.742	30.927	8.000	23.366	37.496	51.052	13.667	36.337	8.700	7.362	32.624	18.600	62.274	10.300	21.945	13.941	6.751	54.000	13.080	5.500
18	0.451	0.000	26.945	17.000	17.295	26.381	7.500	19.006	34.606	36.366	13.285	30.682	8.600	0.206	33.272	14.000	43.814	7.000	11.290	20.485	4.549	42.502	9.868	4.000
19	0.476	11.767	22.024	0.000	18.345	20.905	4.900	12.708	29.750	23.665	10.412	21.353	6.800	0.000	29.690	9.000	27.523	4.100	4.334	26.246	1.962	28.843	6.415	2.600
20	0.501	12.200	14.851	0.000	18.585	11.540	0.000	7.816	23.485	15.208	4.793	12.613	6.600	0.000	21.819	4.300	15.744	1.900	1.135	30.377	0.233	11.725	3.637	1.300
21	0.526	22.827	8.553	0.000	5.973	2.875	0.000	0.923	16.892	4.999	1.313	5.416	5.800	0.000	13.879	0.800	5.357	0.000	0.067	31.142	0.000	2.253	1.342	0.000
22	0.551	20.437	3.216	0.000	0.000	0.000	0.000	0.000	11.762	1.371	0.000	0.472	5.100	0.000	3.868	0.000	0.302	0.000	0.000	28.371	0.000	0.000	0.027	0.000
23	0.576	22.274	0.623	0.000	0.000	0.000	0.000	0.000	7.421	0.000	0.000	0.000	4.400	0.000	0.000	0.000	0.000	0.000	0.000	22.066	0.000	0.000	0.000	0.000
24	0.601	16.840	0.000	0.000	0.000	0.000	0.000	0.000	1.669	0.000	0.000	0.000	13.300	0.000	0.000	0.000	0.000	0.000	0.000	12.458	0.000	0.000	0.000	0.000
25	0.626	14.745	0.000	0.000	1.889	0.000	0.000	0.000	0.479	0.000	0.000	0.000	11.700	0.000	0.000	0.000	0.000	0.000	0.000	2.794	0.000	0.000	0.000	0.000
26	0.651	7.820	0.000	0.000	16.000	0.000	0.000	0.000	0.000	0.000	0.000	0.000	13.400	0.000	0.000	0.000	0.000	0.000	0.000	0.000	0.000	0.000	0.000	0.000
27	0.676	0.859	0.000	0.000	32.497	0.000	0.000	0.000	0.000	0.000	0.000	0.000	14.400	0.000	0.000	0.000	0.000	0.000	0.000	0.000	0.000	0.000	0.000	0.000
28	0.701	0.000	0.000	0.000	38.142	0.000	0.000	0.000	0.000	0.000	0.000	0.000	16.200	0.000	0.000	0.000	0.000	0.000	0.000	0.000	0.000	0.000	0.000	0.000
29	0.726	0.000	0.000	0.000	45.060	0.000	0.000	0.000	0.000	0.000	0.000	0.000	17.200	0.000	0.000	0.000	0.000	0.000	0.000	0.000	0.000	0.000	0.000	0.000
30	0.751	0.000	0.000	2.900	52.134	0.000	0.000	0.000	0.000	0.000	0.000	0.000	17.300	0.000	0.000	0.000	0.000	0.000	0.000	0.000	0.000	0.000	0.000	0.000
31	0.000	0.000	0.000	0.000	58.038	0.000	0.000	0.000	0.000	0.000	0.000	0.000	16.400	0.000	0.000	0.000	0.000	0.000	0.000	0.000	0.000	0.000	0.000	0.000
