 	x	1	2	3	4	5	6	7	8	9	10	11	12	13	14	15	16	17	18	19	20	21	22	23	24	25	26	27	28	29	30	31	32	33	34	35	36	37	38	39	40	41	42	43	44	45	46	47	48	49	50	51	52	53	54	55	56	57	58	59	60	61	62	63	64	65	66
1	0.030	0.000	48.024	2.296	0.000	0.000	0.000	0.000	20.239	0.000	0.533	0.000	0.000	0.000	0.000	16.892	0.000	0.000	0.000	0.000	0.000	0.000	0.000	0.000	0.000	59.252	0.000	7.356	0.000	0.000	0.000	0.000	0.000	0.000	0.000	0.000	0.000	41.009	0.000	0.000	0.000	0.000	0.000	0.000	0.000	0.000	0.000	0.000	0.000	9.082	0.000	0.000	0.000	0.000	0.000	0.000	38.012	0.000	0.000	0.000	0.000	0.000	0.000	2.125	46.055	0.000	0.000
2	0.060	0.000	58.713	3.692	0.000	0.000	0.000	0.000	16.824	0.000	27.334	0.000	0.000	0.000	0.000	8.874	0.000	0.000	0.000	0.000	0.000	0.000	0.000	0.000	0.000	46.927	0.000	1.308	0.000	0.000	0.000	0.000	0.000	0.000	0.000	0.000	0.000	25.502	0.000	0.000	0.000	0.000	0.000	0.000	0.000	0.000	0.000	0.000	0.000	9.712	0.000	0.000	0.000	0.000	0.000	0.000	50.165	0.000	0.000	0.000	0.000	0.000	0.000	3.487	38.527	0.000	0.000
3	0.090	0.000	59.493	5.676	0.000	0.000	0.000	0.000	17.310	0.000	53.371	0.000	0.000	0.000	0.000	2.262	0.000	0.000	0.000	0.000	0.000	0.000	0.000	0.000	0.000	28.545	0.000	0.000	0.000	0.000	0.000	0.000	0.000	0.000	0.000	0.000	0.000	13.041	0.000	0.000	0.000	0.000	0.000	0.000	0.000	0.000	0.000	0.000	0.000	9.710	0.000	0.000	0.000	0.000	0.000	0.000	52.606	1.000	0.000	0.000	0.000	0.000	0.000	4.147	25.613	0.000	0.000
4	0.120	0.000	48.980	6.612	0.000	0.000	0.000	0.000	19.634	0.000	83.098	0.000	0.000	0.000	0.000	0.016	0.000	0.000	0.000	0.000	0.000	0.000	0.000	0.000	0.000	12.506	0.000	0.000	0.000	0.000	0.000	0.000	0.000	0.000	0.000	0.000	0.000	6.505	0.000	0.000	0.000	0.000	0.000	0.000	0.000	0.000	0.000	0.000	0.000	3.130	0.000	0.000	0.000	0.000	0.000	0.000	46.648	1.300	0.000	0.000	0.000	0.000	0.000	5.316	13.451	0.000	0.000
5	0.150	0.000	31.888	1.325	0.000	0.000	0.000	0.000	22.672	0.000	103.234	0.000	0.000	0.000	0.000	0.000	0.000	0.000	0.000	0.000	0.000	0.000	0.000	0.000	0.000	0.461	0.000	0.000	0.000	0.000	0.000	0.000	0.000	0.000	0.000	0.000	0.000	0.703	0.000	0.000	0.000	0.000	0.000	0.000	0.000	0.000	0.000	0.000	0.000	4.880	0.000	0.000	0.000	0.000	0.000	0.000	33.776	1.700	0.000	0.000	0.000	0.000	0.269	6.828	7.086	0.000	0.000
6	0.180	0.000	16.780	0.000	0.000	0.606	0.000	0.000	25.485	0.000	109.680	0.000	0.000	0.000	0.000	0.000	0.000	0.000	0.000	0.000	0.000	0.000	0.000	0.000	0.000	0.000	0.000	0.150	0.000	0.029	0.000	0.000	0.000	0.000	0.000	0.000	0.000	0.000	0.000	0.000	0.000	0.000	0.000	0.000	0.000	0.000	0.000	0.000	0.000	4.800	1.853	0.000	0.000	0.000	0.000	0.000	20.748	4.000	0.000	0.000	2.754E-5	0.000	0.497	8.026	3.363	0.000	0.000
7	0.210	0.000	7.606	0.000	0.000	2.708	0.000	0.326	28.864	0.000	108.559	0.000	0.000	0.000	0.006	0.416	0.054	0.000	0.000	0.377	0.070	0.000	0.000	0.807	0.000	0.000	0.000	1.345	0.070	1.656	0.084	0.000	0.000	0.000	0.000	0.000	0.000	0.000	0.000	0.000	0.000	0.000	1.009	0.000	0.007	0.000	0.000	0.000	2.232	4.720	11.598	0.000	0.028	0.000	0.000	0.000	25.379	5.000	0.000	0.071	0.840	0.715	0.348	7.616	0.187	0.000	0.000
8	0.240	0.000	2.864	0.000	2.028	6.213	0.429	2.213	31.512	0.000	107.198	0.000	0.000	0.000	0.929	2.858	1.920	0.404	0.000	3.072	1.871	0.000	0.000	3.264	0.312	0.000	0.016	4.104	1.728	3.946	2.237	0.525	0.860	0.000	0.000	0.000	4.248	1.945	0.140	0.383	0.000	0.000	6.684	0.000	1.103	0.000	0.000	0.000	5.767	4.655	19.237	0.000	1.105	0.000	0.000	0.000	41.137	6.000	0.465	4.123	2.396	12.417	0.037	7.541	2.364	0.000	0.666
9	0.271	0.000	4.235	3.340	8.223	11.488	2.358	3.902	34.228	0.000	107.872	0.000	0.304	0.000	3.541	6.008	4.535	3.734	0.716	8.450	5.634	0.149	0.283	8.185	3.150	0.755	1.144	9.140	3.541	9.126	5.354	3.651	14.123	0.000	2.008	4.700	10.219	7.197	1.895	2.487	0.104	0.000	12.267	0.000	4.217	10.300	0.000	13.800	10.266	6.163	24.976	4.800	5.250	3.400	0.688	0.000	58.320	30.200	4.129	10.710	5.328	22.769	0.000	6.877	7.335	0.100	5.277
10	0.301	6.500	10.256	15.190	20.161	17.997	5.325	6.983	37.354	0.000	105.944	6.900	6.179	4.300	9.449	10.559	6.438	10.763	9.423	17.062	17.177	1.872	1.625	18.889	11.142	11.257	3.512	15.256	8.019	17.801	11.864	9.889	32.419	0.072	6.547	7.600	19.267	15.127	5.067	7.800	2.774	0.000	22.583	10.600	9.406	20.200	10.158	27.500	18.926	5.557	30.385	7.600	16.537	4.900	5.932	0.000	75.352	45.900	11.347	24.101	10.156	35.083	0.932	12.399	12.289	1.239	14.974
11	0.331	14.300	16.096	23.085	38.822	23.682	11.360	14.819	39.978	0.000	97.793	14.500	12.619	6.400	19.180	16.106	7.494	26.035	18.473	29.615	39.346	1.234	3.909	32.828	25.576	11.031	8.428	23.654	15.435	30.303	21.709	19.008	50.180	2.304	11.548	10.700	30.529	25.705	12.071	15.590	7.224	0.104	35.236	19.000	16.107	33.100	20.272	41.400	27.932	7.227	33.562	10.900	34.328	10.400	11.591	0.000	84.710	61.800	25.388	39.389	16.352	46.289	7.513	19.463	14.352	11.034	24.422
12	0.361	26.400	17.091	35.921	55.172	25.942	20.463	21.984	40.316	0.000	82.261	24.700	23.188	9.900	28.479	20.639	8.700	43.315	28.716	40.906	57.414	0.000	7.406	41.618	37.142	9.881	18.428	30.469	23.032	42.422	29.170	29.266	61.625	7.026	14.669	13.000	37.583	33.900	21.900	23.874	11.857	5.256	43.242	29.500	23.037	39.800	30.673	49.800	34.099	7.979	31.569	12.100	47.748	20.600	18.300	0.000	85.431	72.900	43.767	46.275	20.612	53.513	9.459	30.660	12.720	19.150	29.995
13	0.391	40.500	14.134	50.416	57.690	25.684	28.014	29.366	37.444	0.227	60.893	30.000	39.527	12.200	31.246	23.408	10.469	48.032	33.440	47.387	57.838	0.000	11.356	39.092	38.897	8.804	30.612	33.119	27.933	49.686	29.308	36.765	67.716	13.576	13.171	15.100	36.023	36.206	28.754	29.490	14.726	15.578	42.893	36.100	28.537	36.600	40.847	49.300	36.253	8.449	25.031	11.700	50.812	24.600	22.434	0.588	81.137	73.500	53.590	41.630	19.832	55.021	12.260	41.632	10.899	29.775	31.058
14	0.421	50.500	8.855	59.792	46.373	25.286	27.843	32.749	32.245	0.475	38.505	24.800	55.719	10.700	27.379	21.925	12.943	34.820	28.880	46.276	39.852	0.000	14.603	26.886	28.376	8.178	36.732	30.203	26.942	49.260	20.855	35.607	71.429	24.306	8.042	13.900	27.449	31.358	29.599	28.955	14.327	31.240	35.425	32.300	30.755	26.300	47.119	40.800	35.266	8.174	16.676	9.700	44.161	12.600	19.116	0.487	73.192	61.900	54.150	26.952	15.595	48.541	16.365	46.132	9.154	40.212	25.234
15	0.451	41.300	4.237	61.042	29.557	26.806	19.111	29.272	25.937	0.482	21.271	13.800	65.111	7.200	18.259	16.816	15.239	16.622	18.483	37.005	19.081	0.000	16.753	13.035	14.613	6.848	30.328	22.656	21.877	40.764	10.306	27.841	71.210	38.060	3.114	10.400	16.335	20.759	22.962	22.217	10.728	48.579	24.597	20.000	28.337	14.700	38.775	27.300	31.259	8.028	8.626	6.600	32.856	0.000	10.605	0.000	64.821	43.600	47.247	14.905	9.260	33.548	19.112	41.326	6.254	47.538	18.445
16	0.481	12.900	1.259	56.078	13.673	31.334	8.251	21.581	18.500	0.322	1.117	6.000	65.602	5.400	10.255	10.309	13.777	5.053	9.210	24.096	6.469	0.535	17.380	5.152	5.237	5.066	17.096	13.097	15.133	28.818	3.364	17.593	63.660	49.571	0.634	6.900	7.203	10.496	13.858	11.646	6.406	57.728	14.795	8.700	21.323	6.800	22.183	14.300	23.109	7.735	3.551	4.800	20.562	0.000	3.402	0.000	54.624	25.700	36.231	5.724	3.984	17.379	19.197	29.190	2.441	48.377	8.379
17	0.511	12.900	0.000	44.046	2.239	36.371	2.404	12.471	11.187	0.225	0.000	0.000	57.468	4.300	5.319	5.124	4.128	0.402	3.220	12.831	1.991	1.849	14.863	2.005	1.722	3.745	5.928	3.868	8.814	16.986	0.913	9.118	48.544	53.221	0.000	3.500	2.158	4.136	6.589	2.207	3.468	59.124	5.665	0.000	13.198	0.000	8.164	5.700	12.999	7.293	1.399	0.000	9.803	0.000	0.701	0.000	42.552	0.000	23.809	1.665	0.956	7.726	17.368	16.004	0.312	40.022	3.539
18	0.541	0.000	0.000	26.877	0.000	38.518	0.314	3.266	6.144	0.198	0.000	0.000	42.478	0.000	1.966	1.066	0.000	0.000	0.023	4.959	0.205	4.948	9.537	0.195	0.332	2.215	1.272	0.000	2.712	6.174	0.068	3.150	30.421	45.122	0.000	0.000	0.356	0.911	2.750	0.000	1.292	58.975	0.157	0.000	6.626	0.000	2.920	0.000	5.831	7.205	0.060	0.000	3.308	0.000	0.012	0.000	30.635	0.000	29.963	0.585	0.000	0.481	14.265	4.267	0.000	25.919	1.202
19	0.571	0.000	0.000	12.538	0.000	36.009	0.000	0.000	2.523	0.027	0.000	0.000	25.576	0.000	1.726	0.000	0.000	0.000	0.000	0.383	0.000	6.925	3.552	0.000	0.000	0.010	0.068	0.000	0.000	0.393	0.000	0.060	15.284	28.114	0.000	0.000	0.000	0.000	0.716	0.000	0.109	59.869	0.000	0.000	2.547	0.000	0.123	0.000	2.164	7.131	0.000	0.000	0.623	0.000	0.000	0.000	19.039	14.800	41.404	0.000	0.000	0.000	11.910	0.000	0.000	13.778	0.208
20	0.601	0.000	0.000	5.195	0.000	30.507	0.000	0.000	0.222	0.000	0.000	0.000	13.424	0.000	11.444	0.000	1.366	0.000	0.000	0.000	0.000	9.465	0.000	0.000	0.000	0.000	0.000	0.000	0.000	0.000	0.000	0.000	2.836	11.800	0.000	0.000	0.000	0.000	0.533	0.000	0.000	57.133	0.000	0.000	0.424	0.000	0.000	0.000	0.185	5.829	0.000	0.000	0.000	0.000	0.000	0.000	10.937	24.900	52.192	0.000	0.000	0.000	10.082	0.000	0.000	7.271	0.000
21	0.631	0.000	0.000	0.398	0.000	24.284	0.000	0.000	0.000	0.000	0.000	0.000	6.603	0.000	18.563	0.000	12.644	0.000	0.000	0.000	0.000	8.858	0.000	0.000	0.000	0.000	0.000	0.000	0.000	0.000	0.000	0.000	0.000	3.287	0.000	0.000	0.000	0.000	2.220	0.000	0.000	45.335	0.000	0.000	0.000	0.000	0.000	0.000	0.000	5.898	0.000	0.000	0.000	0.000	0.000	0.000	5.491	40.300	59.242	0.000	0.000	0.000	8.089	0.000	0.000	1.240	0.000
22	0.661	0.000	0.000	0.000	0.000	18.824	0.000	0.000	0.000	0.000	0.000	0.000	0.695	0.000	26.648	0.000	20.109	0.000	0.000	0.000	0.000	6.388	0.000	0.000	0.000	0.000	0.000	0.000	0.000	0.000	0.000	0.000	0.000	0.471	0.000	0.000	0.000	0.000	5.620	0.000	0.000	28.585	0.000	0.000	0.000	0.000	0.000	0.000	0.000	6.076	0.000	0.000	0.000	0.000	0.000	0.000	0.936	54.000	62.269	0.000	0.000	0.000	1.730	0.000	0.000	0.000	0.000
23	0.691	0.000	0.000	0.000	0.000	12.627	0.000	0.000	0.000	0.000	0.000	0.000	0.000	0.000	35.576	0.000	30.578	0.000	0.000	0.000	0.000	3.717	0.000	0.000	0.000	0.000	0.000	0.000	0.000	0.000	0.000	0.000	0.000	0.000	0.000	0.000	0.000	0.000	11.577	0.000	0.000	16.025	0.000	0.000	0.000	0.000	0.000	0.000	0.000	0.000	0.000	0.000	0.000	0.000	0.000	0.000	0.000	61.700	62.348	0.000	0.000	0.000	0.000	0.000	0.000	0.000	0.000
24	0.721	0.000	0.000	0.000	0.000	6.280	0.000	0.000	0.000	0.000	0.000	15.100	0.000	0.000	42.394	0.000	44.312	0.000	0.000	0.000	0.000	2.025	0.000	0.000	0.000	0.000	0.000	0.000	0.000	0.000	0.000	0.000	0.000	0.000	0.000	0.000	0.313	0.000	18.531	0.000	0.000	7.694	0.000	0.000	0.000	0.000	0.000	0.000	0.000	0.000	0.000	0.000	0.000	0.000	0.000	0.000	0.000	62.200	60.092	0.000	0.120	0.000	0.000	0.000	0.000	0.000	0.000
25	0.752	0.000	0.000	0.000	0.000	2.367	0.000	0.000	0.000	0.000	0.000	31.200	0.000	0.000	44.688	0.000	55.114	0.000	0.000	0.000	0.000	0.989	0.000	0.000	0.000	0.000	0.000	0.000	0.000	3.148	0.000	0.000	0.000	0.000	0.000	0.000	3.836	0.000	25.243	0.000	0.000	0.541	0.000	0.000	0.000	0.000	0.000	0.000	0.000	0.000	0.000	0.000	0.000	0.000	0.000	0.000	0.000	58.200	56.127	0.000	0.000	0.000	0.000	0.000	0.000	0.000	0.000
26	0.782	0.000	0.000	0.000	0.000	0.000	0.000	0.000	0.000	0.000	0.000	54.700	0.000	0.000	0.000	0.000	0.000	0.000	0.000	0.000	0.000	0.415	0.000	0.000	0.000	0.000	0.000	0.000	0.000	0.000	0.000	0.000	0.000	0.000	0.000	0.000	0.000	0.000	33.265	0.000	0.000	0.000	0.000	0.000	0.000	0.000	0.000	0.000	0.000	0.000	0.000	0.000	0.000	0.000	0.000	0.000	0.000	0.000	0.000	0.000	0.000	0.000	0.000	0.000	0.000	0.000	0.000
