12.097	1.102	81.065	0.231	1.111	0.265	0.843	0.14388	0.41343	0	0	0	0	0	0	0	0.97227	0.90574	0.93158	0	0	0	0	0	0	0	0	2	1	0	0.13989	0.13032	0	0	0	0	0.40541	0.33663	0	1	2	0.22184	0.4036	0.89689	0.14388	0.41343	0.99883	0.33	0.481	0	0	0	0	0	1	1	0.13989	0.40541	0.99953	0.072595	0.40556	0.99425	0.391	0.391	0	0	0	0	0	1	1	0.13032	0.33663	0.9996	0.067409	0.3366	0.99281	0.33	0.33	0	0	0	0	0	0	0	0	0	0	0	0	0	0	0	0	0	0	0	0	0	0	0	0	0	0	0	0	0	0	0	0	0	0	0	0	0
11.911	3.08	86.318	0.299	1.613	0.236	1.276	0.16207	0.38232	0	0	0	0	0	0	0	0.88689	0.90326	0.98187	0	0	0	0	0	0	0	0	1	0	1	0.14374	0.14639	0	0	0	0	0.33737	0.36769	0	1	1	0.16207	0.38232	0.99577	0.08804	0.38214	0.99782	0.391	0.391	0	0	0	0	0	1	1	0.14374	0.33737	0.99755	0.076806	0.34054	0.99472	0.33	0.33	0	0	0	0	0	1	1	0.14639	0.36769	0.99813	0.074988	0.36865	0.99508	0.361	0.361	0	0	0	0	0	0	0	0	0	0	0	0	0	0	0	0	0	0	0	0	0	0	0	0	0	0	0	0	0	0	0	0	0	0	0	0	0
4.883	3.1	72.924	0.1	0.628	0.203	0.423	0.17656	0.37267	0	0	0	0	0	0	0	0.76906	0.73444	0.95498	0	0	0	0	0	0	0	0	1	0	1	0.13579	0.12967	0	0	0	0	0.38175	0.36394	0	1	1	0.17656	0.37267	0.98984	0.099509	0.37366	0.99918	0.361	0.361	0	0	0	0	0	1	1	0.13579	0.38175	0.99832	0.072557	0.38315	0.99616	0.391	0.391	0	0	0	0	0	1	1	0.12967	0.36394	0.9994	0.067448	0.36498	0.99442	0.361	0.361	0	0	0	0	0	0	0	0	0	0	0	0	0	0	0	0	0	0	0	0	0	0	0	0	0	0	0	0	0	0	0	0	0	0	0	0	0
2.493	6.879	45	0.013	0.146	0.11	0.042	0.10154	0.39037	0	0	0	0	0	0	0	0.91457	1.0145	0.9015	1	0	0	0	0	0	0	0	1	0	1	0.092862	0.10301	0	0	0	0	0.37142	0.36665	0	1	1	0.10154	0.39037	0.99991	0.052507	0.39027	0.98907	0.391	0.391	0	0	0	0	0	1	1	0.092862	0.37142	0.99975	0.05201	0.36748	0.99308	0.361	0.361	0	0	0	0	0	1	1	0.10301	0.36665	0.9999	0.053717	0.36386	-1.8829e+48	0.361	0.361	0	0	0	0	0	0	0	0	0	0	0	0	0	0	0	0	0	0	0	0	0	0	0	0	0	0	0	0	0	0	0	0	0	0	0	0	0
11.913	8.163	86.319	0.432	2.433	0.226	2.155	0.18707	0.39563	0	0	0	0	0	0	0	0	0.72938	0	0	0	0	0	0	0	0	0	1	0	1	0	0.13645	0	0	0	0	0	0.37554	0	1	1	0.18707	0.39563	0.98781	0.10013	0.39813	0.99916	0.421	0.421	0	0	0	0	0	1	0	0	0	0	0	0	0	0	0	0	0	0	0	0	1	1	0.13645	0.37554	0.99891	0.071107	0.3763	0.99494	0.391	0.391	0	0	0	0	0	0	0	0	0	0	0	0	0	0	0	0	0	0	0	0	0	0	0	0	0	0	0	0	0	0	0	0	0	0	0	0	0
2.779	8.066	37.982	0.019	0.183	0.132	0.073	0.11537	0.37195	0	0	0	0	0	0	0	0.97294	0.93134	0.95724	1	0	0	0	0	0	0	0	1	0	1	0.11225	0.10745	0	0	0	0	0.38227	0.38011	0	1	1	0.11537	0.37195	0.99986	0.061902	0.37167	0.9918	0.361	0.361	0	0	0	0	0	1	1	0.11225	0.38227	0.99945	0.059846	0.3831	0.99096	0.391	0.391	0	0	0	0	0	1	1	0.10745	0.38011	0.99968	0.058727	0.38183	0.99544	0.391	0.391	0	0	0	0	0	0	0	0	0	0	0	0	0	0	0	0	0	0	0	0	0	0	0	0	0	0	0	0	0	0	0	0	0	0	0	0	0
0.099	9.608	58.053	0.046	0.371	0.158	0.278	0.14871	0.36847	0	0	0	0	0	0	0	0.72129	0.63624	0.88209	1	0	0	0	0	0	0	0	1	0	1	0.10726	0.094615	0	0	0	0	0.40713	0.39807	0	1	1	0.14871	0.36847	0.9883	0.085114	0.36885	0.9899	0.391	0.391	0	0	0	0	0	1	1	0.10726	0.40713	0.99775	0.059633	0.40376	0.99187	0.421	0.421	0	0	0	0	0	1	1	0.094615	0.39807	0.99902	0.049663	0.39444	0.99232	0.391	0.391	0	0	0	0	0	0	0	0	0	0	0	0	0	0	0	0	0	0	0	0	0	0	0	0	0	0	0	0	0	1	1	0	0	0	0	0	0
1.033	10.206	37.217	0.117	0.744	0.201	0.557	0	0	0	0	0	0	0	0	0	0	0	0.94678	0	0	0	0	0	0	0	0	1	0	0	0.12701	0.13415	0	0	0	0	0.3913	0.37902	0	1	1	0.1997	0.39729	0.96537	0.066238	0.40703	0.88799	0.451	0.451	0	0	0	0	0	1	1	0.12701	0.3913	0.99841	0.068138	0.39033	0.99617	0.391	0.391	0	0	0	0	0	1	1	0.13415	0.37902	0.9999	0.069223	0.37823	0.99285	0.391	0.391	0	0	0	0	0	0	0	0	0	0	0	0	0	0	0	0	0	0	0	0	0	0	0	0	0	0	0	0	0	1	0	0	0	0	0	0	0
2.841	10.838	127.9	0.031	0.285	0.137	0.157	0	0	0	0	0	0	0	0	0	0	0	0	1	0	0	0	0	0	0	0	1	0	0	0	0.11737	0	0	0	0	0	0.40648	0	1	1	0.131	0.38891	0.96326	0.065622	0.38636	0.86537	0.391	0.391	0	0	0	0	0	1	1	0.11927	0.40158	0.66873	0.05242	0.40753	0.45318	0.391	0.391	0	0	0	0	0	1	1	0.11737	0.40648	0.99963	0.063342	0.40624	0.99246	0.421	0.421	0	0	0	0	0	0	0	0	0	0	0	0	0	0	0	0	0	0	0	0	0	0	0	0	0	0	0	0	0	1	0	0	0	0	0	0	0
25.234	10.859	66.891	0.016	0.168	0.123	0.042	0.13072	0.39901	0	0	0	0	0	0	0	0.91686	1.0243	0.89511	1	0	0	0	0	0	0	0	1	0	1	0.11986	0.1339	0	0	0	0	0.41186	0.38421	0	1	1	0.13072	0.39901	0.99888	0.066608	0.39772	0.97932	0.391	0.391	0	0	0	0	0	1	1	0.11986	0.41186	0.99504	0.066972	0.41211	0.98766	0.421	0.421	0	0	0	0	0	1	1	0.1339	0.38421	0.98671	0.070207	0.38753	0.98246	0.391	0.391	0	0	0	0	0	0	0	0	0	0	0	0	0	0	0	0	0	0	0	0	0	0	0	0	0	0	0	0	0	0	0	0	0	0	0	0	0
1.846	11.451	74.088	0.254	1.307	0.248	1.133	0	0	0	0	0	0	0	0	0	0	0	0	0	0	0	0	0	0	0	0	1	0	0	0.11924	0	0	0	0	0	0.3829	0	0	1	1	0.20466	0.38475	-1.2129e+51	0.11448	0.38759	0.94198	0.361	0.361	0	0	0	0	0	1	1	0.11924	0.3829	0.995	0.063551	0.38445	0.98273	0.391	0.391	0	0	0	0	0	1	1	0.20293	0.34666	0.61307	0.11057	0.33118	0.39709	0.27	0.27	0	0	0	0	0	0	0	0	0	0	0	0	0	0	0	0	0	0	0	0	0	0	0	0	0	0	0	0	0	1	0	0	0	0	0	0	0
2.435	11.105	65.706	0.097	0.502	0.245	0.248	0.21166	0.36549	0	0	0	0	0	0	0	0	0	0	0	0	0	0	0	0	0	0	1	0	1	0	0	0	0	0	0	0	0	0	1	1	0.21166	0.36549	0.98845	0.11916	0.38097	0.99922	0.421	0.421	0	0	0	0	0	1	1	0.13957	0.39885	0.8252	0.071341	0.40285	0.8293	0.421	0.421	0	0	0	0	0	1	1	0.17723	0.3891	0.87156	0.089916	0.38847	0.79658	0.391	0.391	0	0	0	0	0	0	0	0	0	0	0	0	0	0	0	0	0	0	0	0	0	0	0	0	0	0	0	0	0	1	0	0	0	0	0	0	0
1.307	11.49	0	0.008	0.102	0.102	0.06	0.21	0.586	0	0	0	0	0	0	0	0	0	0	1	0	0	0	0	0	0	0	2	1	0	0	0	0	0	0	0	0	0	0	1	2	0.16553	0.42677	-0.17445	0.24898	0.53651	0.78758	0.481	0.691	0	0	0	0	0	1	1	0.065399	0.40687	0.48767	0.085213	0.40768	-0.70347	0.691	0.691	0	0	0	0	0	1	1	0.19878	0.43968	0.83156	0.070539	0.4375	0.60668	0.481	0.481	0	0	0	0	0	0	0	0	0	0	0	0	0	0	0	0	0	0	0	0	0	0	0	0	0	0	0	0	0	1	0	0	0	0	0	0	0
2.129	11.882	72.697	0.14	0.73	0.244	0.513	0	0	0	0	0	0	0	0	0	0	0	0	0	0	0	0	0	0	0	0	1	0	0	0	0	0	0	0	0	0	0	0	1	1	0.22804	0.35142	0.88677	0.14337	0.34495	0.75779	0.33	0.33	0	0	0	0	0	1	1	0.14632	0.4397	0.86962	0.075161	0.44063	0.78054	0.451	0.451	0	0	0	0	0	1	2	0.061392	0.434	-0.31417	0.2506	0.5057	0.54055	0.421	0.661	0	0	0	0	0	0	0	0	0	0	0	0	0	0	0	0	0	0	0	0	0	0	0	0	0	0	0	0	0	1	0	0	0	0	0	0	0
0.544	11.779	45.001	0.014	0.14	0.123	0.193	0.10562	0.39692	0	0	0	0	0	0	0	0.96488	1.003	0.96197	1	0	0	0	0	0	0	0	1	0	1	0.10191	0.10594	0	0	0	0	0.37189	0.37756	0	1	1	0.10562	0.39692	0.99883	0.053643	0.39349	0.9835	0.391	0.391	0	0	0	0	0	1	1	0.10191	0.37189	0.99845	0.055879	0.37083	0.9911	0.361	0.361	0	0	0	0	0	1	1	0.10594	0.37756	0.99926	0.058207	0.37699	0.99018	0.391	0.391	0	0	0	0	0	0	0	0	0	0	0	0	0	0	0	0	0	0	0	0	0	0	0	0	0	0	0	0	0	1	0	0	0	0	0	0	0
1.412	11.791	90	0.018	0.169	0.136	0.03	0	0	0	0	0	0	0	0	0	0	0	0	1	0	0	0	0	0	0	0	2	0	0	0	0	0	0	0	0	0	0	0	1	2	0.11617	0.37915	0.59289	0.068127	0.38082	-0.089148	0.391	0.691	0	0	0	0	0	1	2	0.072307	0.37507	-0.20726	0.063628	0.34895	-0.24304	0.361	0.691	0	0	0	0	0	1	2	0.075027	0.37823	-0.13271	0.076111	0.40274	-0.28145	0.391	0.661	0	0	0	0	0	0	0	0	0	0	0	0	0	0	0	0	0	0	0	0	0	0	0	0	0	0	0	0	0	1	0	0	0	0	0	0	0
0.087	11.948	83.59	0.053	0.39	0.174	0.193	0.15535	0.38708	0	0	0	0	0	0	0	0	0.81237	0	0	0	0	0	0	0	0	0	1	0	1	0	0.1262	0	0	0	0	0	0.38596	0	1	1	0.15535	0.38708	0.99629	0.083193	0.38981	0.99549	0.391	0.391	0	0	0	0	0	1	1	0.15846	0.39405	0.97583	0.085517	0.3908	0.93072	0.361	0.361	0	0	0	0	0	1	1	0.1262	0.38596	0.99737	0.060854	0.38743	0.98983	0.391	0.391	0	0	0	0	0	0	0	0	0	0	0	0	0	0	0	0	0	0	0	0	0	0	0	0	0	0	0	0	0	1	1	0	0	0	0	0	0
2.729	12.343	26.26	0.26	0.827	0.4	1.383	0.17256	0.56655	0	0	0	0	0	0	0	0	0	0	0	0	0	0	0	0	0	0	1	0	1	0	0	0	0	0	0	0	0	0	1	1	0.17256	0.56655	0.98885	0.09235	0.5669	0.98806	0.571	0.571	0	0	0	0	0	1	1	0.31294	0.27915	0.97824	0.16472	0.28068	0.99739	0.3	0.3	0	0	0	0	0	1	3	0	0	0	0	0	0	0	0	0.12	0.151	0.18	0.3155	0	0	0	0	0	0	0	0	0	0	0	0	0	0	0	0	0	0	0	0	0	0	0	0	0	1	0	0	0	0	0	0	0
1.232	12.471	76.987	0.26	0.879	0.376	0.658	0.16731	0.30563	0	0	0	0	0	0	0	0	1.3983	0	0	0	0	0	0	0	0	0	2	1	0	0	0.23394	0	0	0	0	0	0.43749	0	1	2	0.28934	0.30646	0.87593	0.16731	0.30563	0.99711	0.24	0.391	0	0	0	0	0	1	1	0.27523	0.53783	0.90481	0.1324	0.54227	0.9642	0.571	0.571	0	0	0	0	0	1	1	0.23394	0.43749	0.98757	0.02454	0.44825	0.91018	0.451	0.451	0	0	0	0	0	0	0	0	0	0	0	0	0	0	0	0	0	0	0	0	0	0	0	0	0	0	0	0	0	1	0	0	0	0	0	0	0
0.592	12.465	152.61	0.052	0.418	0.159	0.26	0.14551	0.41313	0	0	0	0	0	0	0	0.89121	0.91775	0.97108	0	0	0	0	0	0	0	0	1	0	1	0.12968	0.13354	0	0	0	0	0.42098	0.40522	0	1	1	0.14551	0.41313	0.99714	0.07695	0.41696	0.97042	0.421	0.421	0	0	0	0	0	1	1	0.12968	0.42098	0.99821	0.071541	0.41883	0.98449	0.421	0.421	0	0	0	0	0	1	1	0.13354	0.40522	0.98194	0.069588	0.40454	0.96321	0.391	0.391	0	0	0	0	0	0	0	0	0	0	0	0	0	0	0	0	0	0	0	0	0	0	0	0	0	0	0	0	0	1	0	0	0	0	0	0	0
22.324	12.515	29.467	0.023	0.204	0.147	0	0.14335	0.38244	0	0	0	0	0	0	0	0.95321	0.8358	0.87683	1	0	0	0	0	0	0	0	1	0	1	0.13664	0.11981	0	0	0	0	0.38105	0.40469	0	1	1	0.14335	0.38244	0.99639	0.069632	0.38192	0.96662	0.391	0.391	0	0	0	0	0	1	1	0.13664	0.38105	0.99829	0.073864	0.38045	0.98602	0.391	0.391	0	0	0	0	0	1	1	0.11981	0.40469	0.99453	0.063872	0.40505	0.97421	0.391	0.391	0	0	0	0	0	0	0	0	0	0	0	0	0	0	0	0	0	0	0	0	0	0	0	0	0	0	0	0	0	0	0	0	0	0	0	0	0
0.045	12.512	0	0.008	0.102	0.102	0.06	0	0	0	0	0	0	0	0	0	0	0	0	1	0	0	0	0	0	0	0	0	0	0	0	0	0	0	0	0	0	0	0	1	0	0	0	0	0	0	0	0	0	0	0	0	0	0	1	0	0	0	0	0	0	0	0	0	0	0	0	0	0	1	1	0.1492	0.40703	0.56711	0.08964	0.4098	0.30452	0.451	0.451	0	0	0	0	0	0	0	0	0	0	0	0	0	0	0	0	0	0	0	0	0	0	0	0	0	0	0	0	0	1	1	0	0	0	0	0	0
1.792	12.702	40.046	0.106	0.422	0.322	0.35	0.255	0.3675	0	0	0	0	0	0	0	0.56684	0.81471	0.69576	0	0	0	0	0	0	0	0	1	0	1	0.14454	0.20775	0	0	0	0	0.38788	0.3689	0	1	1	0.255	0.3675	0.98317	0.14196	0.3792	0.93455	0.361	0.361	0	0	0	0	0	1	1	0.14454	0.38788	0.99905	0.075888	0.38878	0.97056	0.391	0.391	0	0	0	0	0	1	2	0.29745	0.3912	0.61755	0.20775	0.3689	0.99356	0.27	0.481	0	0	0	0	0	0	0	0	0	0	0	0	0	0	0	0	0	0	0	0	0	0	0	0	0	0	0	0	0	1	0	0	0	0	0	0	0
0.075	12.962	90	0.037	0.288	0.164	0.06	0	0	0	0	0	0	0	0	0	0	0	0	1	0	0	0	0	0	0	0	1	0	0	0	0.15266	0	0	0	0	0	0.39559	0	1	1	0.16415	0.38717	0.97538	0.084398	0.39048	0.97161	0.361	0.361	0	0	0	0	0	1	1	0.16448	0.38761	0.93991	0.084208	0.3916	0.96959	0.361	0.361	0	0	0	0	0	1	1	0.15266	0.39559	0.98266	0.078412	0.39809	0.97164	0.391	0.391	0	0	0	0	0	0	0	0	0	0	0	0	0	0	0	0	0	0	0	0	0	0	0	0	0	0	0	0	0	1	1	0	0	0	0	0	0
0.706	12.902	0	0.008	0.102	0.102	0.06	0	0	0	0	0	0	0	0	0	0	0	0	1	0	0	0	0	0	0	0	2	0	0	0	0	0	0	0	0	0	0	0	1	2	0.53104	0.58474	0.61635	0.25874	0.48109	0.44637	0.361	0.541	0	0	0	0	0	1	2	0.39876	0.6245	0.61546	0.2776	0.48569	0.38398	0.361	0.601	0	0	0	0	0	1	3	0	0	0	0	0	0	0	0	0.18	0.15	0.451	0.616	0	0	0	0	0	0	0	0	0	0	0	0	0	0	0	0	0	0	0	0	0	0	0	0	0	1	0	0	0	0	0	0	0
2.971	12.92	135	0.014	0.14	0.123	1.383	0	0	0	0	0	0	0	0	0	0	0	0	1	0	0	0	0	0	0	0	1	0	0	0	0	0	0	0	0	0	0	0	1	1	0.12273	0.39616	0.86029	0.058833	0.39263	0.75514	0.391	0.391	0	0	0	0	0	1	1	0.12887	0.37727	0.96285	0.066794	0.37646	0.93356	0.361	0.361	0	0	0	0	0	1	1	0.10973	0.39432	0.68717	0.053782	0.40084	0.22478	0.391	0.391	0	0	0	0	0	0	0	0	0	0	0	0	0	0	0	0	0	0	0	0	0	0	0	0	0	0	0	0	0	1	0	0	0	0	0	0	0
0.724	13.184	84.001	0.061	0.445	0.176	0.295	0.13039	0.40349	0	0	0	0	0	0	0	0	0	0	0	0	0	0	0	0	0	0	2	1	0	0	0	0	0	0	0	0	0	0	1	2	0.24527	0.40567	0.92608	0.13039	0.40349	0.95566	0.27	0.391	0	0	0	0	0	1	1	0.20545	0.36184	0.84327	0.10796	0.34767	0.89104	0.33	0.33	0	0	0	0	0	1	1	0.16467	0.36161	-0.029166	0.092772	0.35887	-0.11198	0.361	0.361	0	0	0	0	0	0	0	0	0	0	0	0	0	0	0	0	0	0	0	0	0	0	0	0	0	0	0	0	0	1	0	0	0	0	0	0	0
1.439	13.253	110.71	0.074	0.411	0.229	0.103	0	0	0	0	0	0	0	0	0	0	0	0	0	0	0	0	0	0	0	0	1	0	0	0	0	0	0	0	0	0	0	0	1	1	0.23583	0.42071	0.94961	0.12907	0.42146	0.98069	0.451	0.451	0	0	0	0	0	1	1	0.19296	0.35383	0.9581	0.095172	0.35827	0.97673	0.361	0.361	0	0	0	0	0	1	1	0.20018	0.37268	0.97703	0.10579	0.37271	0.93546	0.391	0.391	0	0	0	0	0	0	0	0	0	0	0	0	0	0	0	0	0	0	0	0	0	0	0	0	0	0	0	0	0	1	0	0	0	0	0	0	0
1.867	14.047	42.015	0.612	1.537	0.507	3.559	0	0	0	0	0	0	0	0	0	0	0	0.44771	0	0	0	0	0	0	0	0	1	0	0	0.16388	0.36605	0	0	0	0	0.30418	0.38014	0	1	1	0.18351	0.30145	0.97862	0.10054	0.30244	-Inf	0.3	0.3	0	0	0	0	0	1	1	0.16388	0.30418	0.99734	0.083365	0.30234	0.99092	0.3	0.3	0	0	0	0	0	1	1	0.36605	0.38014	0.98883	0.21886	0.37239	0.87123	0.361	0.361	0	0	0	0	0	0	0	0	0	0	0	0	0	0	0	0	0	0	0	0	0	0	0	0	0	0	0	0	0	1	0	0	0	0	0	0	0
0.164	13.342	18.161	0.084	0.395	0.271	0.103	0.121	0.3905	0	0	0	0	0	0	0	0	0	0	0	0	0	0	0	0	0	0	2	1	0	0	0	0	0	0	0	0	0	0	1	2	0.28907	0.36092	0.86528	0.14527	0.38671	0.76155	0.33	0.451	0	0	0	0	0	1	1	0.1834	0.38307	0.77157	0.098749	0.38733	0.61803	0.391	0.391	0	0	0	0	0	1	1	0.22371	0.40664	0.94313	0.1303	0.41058	0.9515	0.421	0.421	0	0	0	0	0	0	0	0	0	0	0	0	0	0	0	0	0	0	0	0	0	0	0	0	0	0	0	0	0	1	1	0	0	0	0	0	0
19.818	13.407	39.912	0.087	0.427	0.258	0.188	0.12995	0.36548	0	0	0	0	0	0	0	1.1521	1.3069	0.88151	0	0	0	0	0	0	0	0	2	1	0	0.14971	0.16984	0	0	0	0	0.39952	0.4069	0	1	2	0.21129	0.36482	0.95422	0.12995	0.36548	0.9996	0.3	0.421	0	0	0	0	0	1	1	0.14971	0.39952	0.99755	0.081081	0.39673	0.99692	0.391	0.391	0	0	0	0	0	1	1	0.16984	0.4069	0.99817	0.091377	0.40882	0.99603	0.421	0.421	0	0	0	0	0	0	0	0	0	0	0	0	0	0	0	0	0	0	0	0	0	0	0	0	0	0	0	0	0	0	0	0	0	0	0	0	0
1.023	13.558	80.118	0.065	0.413	0.2	0.163	0	0	0	0	0	0	0	0	0	0	0	0	0	0	0	0	0	0	0	0	1	0	0	0	0	0	0	0	0	0	0	0	1	1	0.20192	0.37885	0.96455	0.10392	0.3755	0.94801	0.391	0.391	0	0	0	0	0	1	1	0.16533	0.37406	0.69546	0.10121	0.37344	0.12371	0.361	0.361	0	0	0	0	0	1	1	0.1767	0.35041	0.92037	0.097146	0.35518	0.9836	0.33	0.33	0	0	0	0	0	0	0	0	0	0	0	0	0	0	0	0	0	0	0	0	0	0	0	0	0	0	0	0	0	1	0	0	0	0	0	0	0
0.436	13.668	90	0.011	0.136	0.102	0.03	0	0	0	0	0	0	0	0	0	0	0	0	1	0	0	0	0	0	0	0	1	0	0	0	0.16037	0	0	0	0	0	0.38943	0	1	1	0.15357	0.38637	0.9774	0.087927	0.39095	0.98127	0.391	0.391	0	0	0	0	0	1	1	0.1566	0.39265	0.95109	0.083611	0.39076	0.97035	0.391	0.391	0	0	0	0	0	1	1	0.16037	0.38943	0.98033	0.093144	0.39467	0.98867	0.391	0.391	0	0	0	0	0	0	0	0	0	0	0	0	0	0	0	0	0	0	0	0	0	0	0	0	0	0	0	0	0	1	0	0	0	0	0	0	0
0.522	14.08	167.75	0.246	0.924	0.34	0.888	0.20842	0.39809	0	0	0	0	0	0	0	0	0.95297	0	0	0	0	0	0	0	0	0	2	1	0	0	0.19861	0	0	0	0	0	0.34273	0	1	2	0.35373	0.4795	0.96443	0.20842	0.39809	0.98227	0.3	0.511	0	0	0	0	0	1	1	0.19962	0.3547	0.97462	0.040828	0.34882	0.91068	0.361	0.361	0	0	0	0	0	1	2	0.35249	0.33848	0.92305	0.19861	0.34273	0.98617	0.24	0.361	0	0	0	0	0	0	0	0	0	0	0	0	0	0	0	0	0	0	0	0	0	0	0	0	0	0	0	0	0	1	1	0	0	0	0	0	0
2.59	14.262	147.97	0.071	0.428	0.212	0.26	0	0	0	0	0	0	0	0	0	0	0	0	0	0	0	0	0	0	0	0	1	0	0	0	0	0	0	0	0	0	0	0	1	1	0.24899	0.38842	0.97486	0.12662	0.38792	0.95612	0.391	0.391	0	0	0	0	0	1	1	0.20882	0.38228	0.59107	0.10378	0.38405	-1.3315e+53	0.391	0.391	0	0	0	0	0	1	2	0.20796	0.43327	0.015185	0.10632	0.42308	-0.04387	0.421	0.691	0	0	0	0	0	0	0	0	0	0	0	0	0	0	0	0	0	0	0	0	0	0	0	0	0	0	0	0	0	1	0	0	0	0	0	0	0
3.539	14.368	167.65	0.204	1.159	0.224	1.013	0.22507	0.37582	0	0	0	0	0	0	0	0	0.76745	0	0	0	0	0	0	0	0	0	1	0	1	0	0.17273	0	0	0	0	0	0.43716	0	1	1	0.22507	0.37582	0.98515	0.12132	0.37843	0.99576	0.361	0.361	0	0	0	0	0	1	1	0.17829	0.42705	0.9781	0.050315	0.43044	0.9294	0.451	0.451	0	0	0	0	0	1	1	0.17273	0.43716	0.98759	0.031761	0.43335	0.91975	0.421	0.421	0	0	0	0	0	0	0	0	0	0	0	0	0	0	0	0	0	0	0	0	0	0	0	0	0	0	0	0	0	1	0	0	0	0	0	0	0
18.034	14.224	90	0.021	0.163	0.162	0.03	0	0	0	0	0	0	0	0	0	0	0	0	1	0	0	0	0	0	0	0	1	0	0	0	0	0	0	0	0	0	0	0	1	1	0.17381	0.36557	0.84557	0.099763	0.37658	0.73011	0.361	0.361	0	0	0	0	0	1	1	0.17515	0.36784	0.76653	0.10041	0.37726	0.76755	0.361	0.361	0	0	0	0	0	1	1	0.18333	0.34862	0.67565	0.095809	0.35425	0.46285	0.33	0.33	0	0	0	0	0	0	0	0	0	0	0	0	0	0	0	0	0	0	0	0	0	0	0	0	0	0	0	0	0	0	0	0	0	0	0	0	0
17.137	14.466	18.131	0.303	1.399	0.276	1.418	0.1708	0.40763	0	0	0	0	0	0	0	0	0	0	0	0	0	0	0	0	0	0	2	1	0	0	0	0	0	0	0	0	0	0	1	2	0.30052	0.3812	0.95549	0.1708	0.40763	0.99722	0.33	0.451	0	0	0	0	0	1	1	0.18838	0.396	-1.5663e+52	0.097231	0.40241	0.9839	0.391	0.391	0	0	0	0	0	1	1	0.26422	0.41337	0.74202	0.12036	0.43072	0.61847	0.481	0.481	0	0	0	0	0	0	0	0	0	0	0	0	0	0	0	0	0	0	0	0	0	0	0	0	0	0	0	0	0	0	0	0	0	0	0	0	0
7.386	14.541	18.706	0.035	0.326	0.137	0.235	0.10304	0.38493	0	0	0	0	0	0	0	1.3912	0.95232	0.68453	1	0	0	0	0	0	0	0	1	0	1	0.14335	0.098127	0	0	0	0	0.40797	0.38894	0	1	1	0.10304	0.38493	0.99938	0.053979	0.3875	0.98845	0.391	0.391	0	0	0	0	0	1	1	0.14335	0.40797	0.9871	0.081549	0.40931	0.99828	0.421	0.421	0	0	0	0	0	1	1	0.098127	0.38894	0.99958	0.051537	0.3896	0.98685	0.391	0.391	0	0	0	0	0	0	0	0	0	0	0	0	0	0	0	0	0	0	0	0	0	0	0	0	0	0	0	0	0	1	0	0	0	0	0	0	0
0.325	14.565	10.074	0.02	0.199	0.127	0.133	0	0	0	0	0	0	0	0	0	0	0	0	1	0	0	0	0	0	0	0	1	0	0	0	0	0	0	0	0	0	0	0	1	1	0.18304	0.37254	-0.096204	0.10049	0.37406	-0.061083	0.361	0.361	0	0	0	0	0	1	1	0.15684	0.37628	0.49695	0.088689	0.35771	0.19435	0.33	0.33	0	0	0	0	0	1	1	0.18544	0.39103	0.78695	0.099874	0.40692	0.91515	0.451	0.451	0	0	0	0	0	0	0	0	0	0	0	0	0	0	0	0	0	0	0	0	0	0	0	0	0	0	0	0	0	1	0	0	0	0	0	0	0
10.935	15.027	4.539	0.952	2.175	0.557	4.515	0.23561	0.32555	0	0	0	0	0	0	0	0.86423	0	0	0	0	0	0	0	0	0	0	2	1	0	0.20363	0	0	0	0	0	0.5555	0	0	1	2	0.41531	0.37726	0.896	0.23561	0.32555	0.99298	0.21	0.421	0	0	0	0	0	1	1	0.20363	0.5555	0.99315	0.10613	0.55427	0.99744	0.571	0.571	0	0	0	0	0	1	1	0.2084	0.52639	0.96821	0.1198	0.52423	0.99957	0.571	0.571	0	0	0	0	0	0	0	0	0	0	0	0	0	0	0	0	0	0	0	0	0	0	0	0	0	0	0	0	0	1	0	0	0	0	0	0	0
2.549	14.699	59.875	0.032	0.245	0.164	0.073	0	0	0	0	0	0	0	0	0	0	0	0	1	0	0	0	0	0	0	0	1	0	0	0	0.18	0	0	0	0	0	0.451	0	1	1	0.25394	0.36456	0.82132	0.13817	0.37016	0.86077	0.33	0.33	0	0	0	0	0	1	1	0.19479	0.37399	0.89554	0.1049	0.38292	0.97633	0.421	0.421	0	0	0	0	0	1	2	0.42409	0.50218	0.72942	0.20965	0.44697	0.87285	0.361	0.541	0	0	0	0	0	0	0	0	0	0	0	0	0	0	0	0	0	0	0	0	0	0	0	0	0	0	0	0	0	1	0	0	0	0	0	0	0
15.215	14.645	0	0.008	0.102	0.102	0.06	0	0	0	0	0	0	0	0	0	0	0	0	1	0	0	0	0	0	0	0	0	0	0	0	0	0	0	0	0	0	0	0	1	0	0	0	0	0	0	0	0	0	0	0	0	0	0	1	0	0	0	0	0	0	0	0	0	0	0	0	0	0	1	1	0.14498	0.40665	0.59299	0.08134	0.43115	0.34414	0.391	0.391	0	0	0	0	0	0	0	0	0	0	0	0	0	0	0	0	0	0	0	0	0	0	0	0	0	0	0	0	0	1	0	0	0	0	0	0	0
1.373	14.876	81.647	0.038	0.24	0.201	0.06	0.3	0.541	0	0	0	0	0	0	0	0	1	0	1	0	0	0	0	0	0	0	2	1	0	0	0.3	0	0	0	0	0	0.541	0	1	2	0.25557	0.39925	0.82545	0.11968	0.41941	0.85285	0.391	0.691	0	0	0	0	0	1	1	0.22271	0.36993	0.97792	0.11949	0.37128	0.9815	0.391	0.391	0	0	0	0	0	1	2	0.22292	0.38238	0.87174	0.12221	0.34949	0.80642	0.391	0.691	0	0	0	0	0	0	0	0	0	0	0	0	0	0	0	0	0	0	0	0	0	0	0	0	0	0	0	0	0	1	0	0	0	0	0	0	0
3.304	14.84	45	0.013	0.146	0.11	0.042	0	0	0	0	0	0	0	0	0	0	0	0	1	0	0	0	0	0	0	0	1	0	0	0	0	0	0	0	0	0	0	0	1	1	0.11395	0.40266	0.68824	0.052216	0.40836	0.48035	0.391	0.391	0	0	0	0	0	1	1	0.11307	0.37987	0.73791	0.052058	0.37194	0.57045	0.391	0.391	0	0	0	0	0	1	1	0.11327	0.38054	0.51574	0.052868	0.37359	0.20566	0.391	0.391	0	0	0	0	0	0	0	0	0	0	0	0	0	0	0	0	0	0	0	0	0	0	0	0	0	0	0	0	0	1	0	0	0	0	0	0	0
0.714	14.981	151.2	0.144	0.591	0.311	0.47	0	0	0	0	0	0	0	0	0	0	0	0	0	0	0	0	0	0	0	0	1	0	0	0	0.1562	0	0	0	0	0	0.29239	0	1	1	0.29761	0.47061	0.93912	0.16395	0.45309	0.97167	0.481	0.481	0	0	0	0	0	1	1	0.27382	0.35763	0.9465	0.14613	0.35976	0.96019	0.361	0.361	0	0	0	0	0	1	2	0.30157	0.31073	0.93611	0.1562	0.29239	0.99052	0.21	0.27	0	0	0	0	0	0	0	0	0	0	0	0	0	0	0	0	0	0	0	0	0	0	0	0	0	0	0	0	0	1	0	0	0	0	0	0	0
2.168	15.112	179.69	0.376	0.941	0.509	1.314	0	0	0	0	0	0	0	0	0	0	0	0	0	0	0	0	0	0	0	0	0	0	0	0.211	0	0	0	0	0	0.4355	0	0	1	3	0	0	0	0	0	0	0	0	0.151	0.15	0.3755	0.526	0	1	2	0.46978	0.44209	0.67253	0.24047	0.42617	0.88047	0.33	0.541	0	0	0	0	0	1	4	0	0	0	0	0	0	0	0	0.211	0.24	0.2555	0.571	0	0	0	0	0	0	0	0	0	0	0	0	0	0	0	0	0	0	0	0	0	0	0	0	0	1	0	0	0	0	0	0	0
2.629	14.885	0	0.008	0.102	0.102	0.06	0	0	0	0	0	0	0	0	0	0	0	0	1	0	0	0	0	0	0	0	0	0	0	0	0	0	0	0	0	0	0	0	1	4	0	0	0	0	0	0	0	0	0.211	0.09	0.2555	0.646	0	1	3	0	0	0	0	0	0	0	0	0.18	0.09	0.511	0.646	0	1	5	0	0	0	0	0	0	0	0	0	0	0	0	0	0	0	0	0	0	0	0	0	0	0	0	0	0	0	0	0	0	0	0	0	0	0	0	0	1	0	0	0	0	0	0	0
3.685	15.231	99.636	0.251	0.626	0.51	0.338	0	0	0	0	0	0	0	0	0	0	0	0	0	0	0	0	0	0	0	0	0	0	0	0	0.25644	0	0	0	0	0	0.48165	0	1	3	0	0	0	0	0	0	0	0	0.181	0.12	0.3005	0.451	0	1	1	0.19045	0.50991	0.97307	0.10826	0.50935	0.97281	0.511	0.511	0	0	0	0	0	1	2	0.50074	0.50037	0.94799	0.25644	0.48165	0.98442	0.451	0.571	0	0	0	0	0	0	0	0	0	0	0	0	0	0	0	0	0	0	0	0	0	0	0	0	0	0	0	0	0	1	0	0	0	0	0	0	0
0.124	15.315	96.833	0.151	0.707	0.271	0.886	0	0	0	0	0	0	0	0	0	0	0	0	0	0	0	0	0	0	0	0	1	0	0	0	0	0	0	0	0	0	0	0	1	1	0.17263	0.34371	0.9334	0.09243	0.33742	0.98862	0.3	0.3	0	0	0	0	0	1	1	0.20234	0.43666	0.76517	0.10811	0.42466	0.89752	0.391	0.391	0	0	0	0	0	1	2	0.253	0.37797	0.51414	0.14297	0.36464	0.55039	0.3	0.361	0	0	0	0	0	0	0	0	0	0	0	0	0	0	0	0	0	0	0	0	0	0	0	0	0	0	0	0	0	1	1	0	0	0	0	0	0
14.335	15.683	15.553	2.066	3.314	0.794	6.993	0	0	0	0	0	0	0	0	0	0	0	0	0	0	0	0	0	0	0	0	1	0	0	0	0	0	0	0	0	0	0	0	1	1	0.34792	0.38973	0.93079	0.16889	0.39084	0.9047	0.361	0.361	0	0	0	0	0	1	3	0	0	0	0	0	0	0	0	0.151	0.18	0.2855	0.451	0	1	3	0	0	0	0	0	0	0	0	0.211	0.18	0.4055	0.601	0	0	0	0	0	0	0	0	0	0	0	0	0	0	0	0	0	0	0	0	0	0	0	0	0	1	0	0	0	0	0	0	0
2.779	15.005	0	0.008	0.102	0.102	0.06	0	0	0	0	0	0	0	0	0	0	0	0	1	0	0	0	0	0	0	0	0	0	0	0	0.15	0	0	0	0	0	0.496	0	1	3	0	0	0	0	0	0	0	0	0.18	0.15	0.481	0.646	0	1	2	0.057388	0.40487	-0.45746	0.27709	0.49246	0.48535	0.391	0.661	0	0	0	0	0	1	2	0.26381	0.43877	0.90524	0.22998	0.51601	0.9001	0.421	0.571	0	0	0	0	0	0	0	0	0	0	0	0	0	0	0	0	0	0	0	0	0	0	0	0	0	0	0	0	0	1	0	0	0	0	0	0	0
16.704	15.047	96.161	0.021	0.199	0.133	0.495	0	0	0	0	0	0	0	0	0	0	0	0	1	0	0	0	0	0	0	0	1	0	0	0	0	0	0	0	0	0	0	0	1	1	0.20762	0.38015	0.94249	0.055378	0.38143	0.89161	0.361	0.361	0	0	0	0	0	1	1	0.17625	0.40625	0.94623	0.049974	0.40752	0.88621	0.391	0.391	0	0	0	0	0	1	1	0.3031	0.42734	0.85581	0.17389	0.43912	0.94193	0.421	0.421	0	0	0	0	0	0	0	0	0	0	0	0	0	0	0	0	0	0	0	0	0	0	0	0	0	0	0	0	0	0	0	0	0	0	0	0	0
16.639	15.35	19.813	0.129	0.681	0.241	0.495	0	0	0	0	0	0	0	0	0	0	0	0	0	0	0	0	0	0	0	0	1	0	0	0.20363	0	0	0	0	0	0.34741	0	0	1	1	0.24746	0.40202	0.91941	0.13319	0.39667	0.90214	0.421	0.421	0	0	0	0	0	1	1	0.20363	0.34741	0.98133	0.10329	0.33804	0.98499	0.33	0.33	0	0	0	0	0	1	1	0.2109	0.35361	0.96582	0.11171	0.35472	0.98052	0.361	0.361	0	0	0	0	0	0	0	0	0	0	0	0	0	0	0	0	0	0	0	0	0	0	0	0	0	0	0	0	0	0	0	0	0	0	0	0	0
1.08	15.429	83.2	0.117	0.527	0.283	0.313	0	0	0	0	0	0	0	0	0	0	0	0	0	0	0	0	0	0	0	0	1	0	0	0.26418	0	0	0	0	0	0.28209	0	0	1	1	0.38273	0.37294	0.82257	0.18935	0.38002	0.90903	0.361	0.361	0	0	0	0	0	1	2	0.55221	0.16056	0.7111	0.26418	0.28209	0.96918	0.15	0.391	0	0	0	0	0	1	1	0.18721	0.36998	0.79697	0.10827	0.35066	0.91065	0.361	0.361	0	0	0	0	0	0	0	0	0	0	0	0	0	0	0	0	0	0	0	0	0	0	0	0	0	0	0	0	0	1	0	0	0	0	0	0	0
2.998	15.327	138.23	0.057	0.377	0.192	0.2	0.1911	0.39168	0	0	0	0	0	0	0	0	0	0	0	0	0	0	0	0	0	0	1	0	1	0	0	0	0	0	0	0	0	0	1	1	0.1911	0.39168	0.98972	0.10886	0.38781	0.9681	0.391	0.391	0	0	0	0	0	1	1	0.19694	0.39955	0.88907	0.10189	0.40194	0.81017	0.391	0.391	0	0	0	0	0	1	1	0.16662	0.40298	0.69117	0.084608	0.40196	0.48364	0.421	0.421	0	0	0	0	0	0	0	0	0	0	0	0	0	0	0	0	0	0	0	0	0	0	0	0	0	0	0	0	0	1	0	0	0	0	0	0	0
4.24	15.301	156.66	0.034	0.306	0.143	0.235	0.25266	0.27633	0	0	0	0	0	0	0	0	0	0	1	0	0	0	0	0	0	0	2	1	0	0	0	0	0	0	0	0	0	0	1	2	0.13616	0.15	0.53775	0.25266	0.27633	0.97601	0.15	0.391	0	0	0	0	0	1	2	0.098531	0.39071	-0.19694	0.058963	0.40289	-0.16156	0.12	0.391	0	0	0	0	0	1	1	0.11364	0.40004	0.49144	0.059338	0.40414	0.16687	0.391	0.391	0	0	0	0	0	0	0	0	0	0	0	0	0	0	0	0	0	0	0	0	0	0	0	0	0	0	0	0	0	1	0	0	0	0	0	0	0
2.586	15.408	135	0.014	0.14	0.123	0.145	0	0	0	0	0	0	0	0	0	0	0	0	1	0	0	0	0	0	0	0	2	0	0	0	0	0	0	0	0	0	0	0	1	2	0.23882	0.43823	0.40141	0.12968	0.42925	0.47859	0.421	0.481	0	0	0	0	0	1	3	0	0	0	0	0	0	0	0	0.15	0.09	0.466	0.586	0	1	1	0.19968	0.40853	0.66797	0.10774	0.4074	0.46077	0.421	0.421	0	0	0	0	0	0	0	0	0	0	0	0	0	0	0	0	0	0	0	0	0	0	0	0	0	0	0	0	0	1	0	0	0	0	0	0	0
6.5	15.788	13.614	0.814	2.158	0.48	3.837	0.24028	0.33225	0	0	0	0	0	0	0	0	0.90656	0	0	0	0	0	0	0	0	0	1	0	1	0	0.21783	0	0	0	0	0	0.45338	0	1	1	0.24028	0.33225	0.98344	0.1304	0.32721	0.99809	0.33	0.33	0	0	0	0	0	1	1	0.21464	0.38559	0.96086	0.11784	0.38136	0.99716	0.33	0.33	0	0	0	0	0	1	1	0.21783	0.45338	0.98823	0.11947	0.45093	0.99355	0.451	0.451	0	0	0	0	0	0	0	0	0	0	0	0	0	0	0	0	0	0	0	0	0	0	0	0	0	0	0	0	0	1	0	0	0	0	0	0	0
4.365	15.664	172.06	0.179	0.597	0.381	0.64	0	0	0	0	0	0	0	0	0	0	0	0	0	0	0	0	0	0	0	0	0	0	0	0	0.2714	0	0	0	0	0	0.46967	0	1	3	0	0	0	0	0	0	0	0	0.121	0.24	0.3905	0.571	0	1	1	0.18801	0.46357	0.83511	0.098769	0.46316	0.84322	0.451	0.451	0	0	0	0	0	1	2	0.20082	0.33309	0.88253	0.2714	0.46967	0.98361	0.33	0.601	0	0	0	0	0	0	0	0	0	0	0	0	0	0	0	0	0	0	0	0	0	0	0	0	0	0	0	0	0	1	0	0	0	0	0	0	0
0.713	16.02	107.4	0.176	1.2	0.187	0.996	0	0	0	0	0	0	0	0	0	0	0	0.46577	0	0	0	0	0	0	0	0	1	0	0	0.32205	0.15	0	0	0	0	0.31102	0.556	0	1	1	0.20297	0.35402	0.7754	0.10614	0.34416	0.63281	0.361	0.361	0	0	0	0	0	1	2	0.64	0.15	0.8713	0.32205	0.31102	0.94886	0.12	0.421	0	0	0	0	0	1	2	0.37717	0.53931	0.7721	0.17692	0.54254	0.7464	0.481	0.631	0	0	0	0	0	0	0	0	0	0	0	0	0	0	0	0	0	0	0	0	0	0	0	0	0	0	0	0	0	1	0	0	0	0	0	0	0
2.238	15.546	135	0.015	0.194	0.101	0.145	0.24	0.511	0	0	0	0	0	0	0	1.1415	0	0	1	0	0	0	0	0	0	0	2	1	0	0.27395	0	0	0	0	0	0.49403	0	0	1	2	0.63377	0.661	0.44271	0.28438	0.51881	0.89736	0.391	0.631	0	0	0	0	0	1	2	0.60515	0.631	0.7507	0.27395	0.49403	0.96099	0.361	0.631	0	0	0	0	0	1	1	0.15469	0.38488	0.78182	0.077706	0.38167	0.63687	0.391	0.391	0	0	0	0	0	0	0	0	0	0	0	0	0	0	0	0	0	0	0	0	0	0	0	0	0	0	0	0	0	1	0	0	0	0	0	0	0
1.647	15.741	138.06	0.106	0.554	0.245	0.35	0	0	0	0	0	0	0	0	0	0	0	0	0	0	0	0	0	0	0	0	1	0	0	0.20674	0	0	0	0	0	0.37328	0	0	1	1	0.29999	0.43898	0.91913	0.16549	0.40934	0.974	0.421	0.421	0	0	0	0	0	1	1	0.20674	0.37328	0.98467	0.11039	0.36926	0.98268	0.361	0.361	0	0	0	0	0	1	1	0.1929	0.3974	0.95738	0.060132	0.38257	0.85485	0.361	0.361	0	0	0	0	0	0	0	0	0	0	0	0	0	0	0	0	0	0	0	0	0	0	0	0	0	0	0	0	0	1	0	0	0	0	0	0	0
7.422	16.142	18.583	0.566	2.274	0.317	2.757	0	0	0	0	0	0	0	0	0	0	0	0	0	0	0	0	0	0	0	0	1	0	0	0.18208	0	0	0	0	0	0.4876	0	0	1	1	0.21532	0.36929	0.96213	0.1197	0.37669	0.93419	0.421	0.421	0	0	0	0	0	1	1	0.18208	0.4876	0.99481	0.10051	0.49227	0.99655	0.511	0.511	0	0	0	0	0	1	1	0.314	0.62713	0.97129	0.020501	0.62075	0.87719	0.631	0.631	0	0	0	0	0	0	0	0	0	0	0	0	0	0	0	0	0	0	0	0	0	0	0	0	0	0	0	0	0	1	0	0	0	0	0	0	0
3.341	15.819	35.883	0.051	0.395	0.163	0.248	0.14193	0.39748	0	0	0	0	0	0	0	0.87004	1.2245	0.71051	0	0	0	0	0	0	0	0	1	0	1	0.12348	0.1738	0	0	0	0	0.37489	0.36982	0	1	1	0.14193	0.39748	0.99848	0.074104	0.39361	0.97974	0.391	0.391	0	0	0	0	0	1	1	0.12348	0.37489	0.99939	0.065067	0.37478	0.99011	0.361	0.361	0	0	0	0	0	1	1	0.1738	0.36982	0.99618	0.095813	0.37044	0.98195	0.361	0.361	0	0	0	0	0	0	0	0	0	0	0	0	0	0	0	0	0	0	0	0	0	0	0	0	0	0	0	0	0	1	0	0	0	0	0	0	0
4.986	16.133	111.29	0.212	0.781	0.346	0.49	0.151	0.4055	0	0	0	0	0	0	0	0.51319	1.9365	0.26501	0	0	0	0	0	0	0	0	2	1	0	0.077491	0.29241	0	0	0	0	0.33418	0.29	0	1	2	0.39613	0.42623	0.84722	0.19351	0.40111	0.87699	0.33	0.481	0	0	0	0	0	1	2	0.24173	0.33306	0.9613	0.077491	0.33418	0.92226	0.12	0.33	0	0	0	0	0	1	1	0.29241	0.29	0.98852	0.15957	0.28776	0.99267	0.3	0.3	0	0	0	0	0	0	0	0	0	0	0	0	0	0	0	0	0	0	0	0	0	0	0	0	0	0	0	0	0	1	0	0	0	0	0	0	0
2.498	15.961	10.039	0.041	0.245	0.211	0.163	0.21491	0.38797	0	0	0	0	0	0	0	0.89594	0	0	1	0	0	0	0	0	0	0	1	0	1	0.19254	0	0	0	0	0	0.38836	0	0	1	1	0.21491	0.38797	0.98043	0.11755	0.39104	0.94452	0.391	0.391	0	0	0	0	0	1	1	0.19254	0.38836	0.99196	0.10546	0.3947	0.97106	0.391	0.391	0	0	0	0	0	1	1	0.21979	0.38296	0.93214	0.11611	0.38431	0.88966	0.391	0.391	0	0	0	0	0	0	0	0	0	0	0	0	0	0	0	0	0	0	0	0	0	0	0	0	0	0	0	0	0	1	0	0	0	0	0	0	0
0.269	16.422	84.121	0.272	0.889	0.389	1.618	0	0	0	0	0	0	0	0	0	0	0	0	0	0	0	0	0	0	0	0	1	0	0	0	0	0	0	0	0	0	0	0	1	1	0.49101	0.40898	0.71705	0.22278	0.42366	0.89715	0.391	0.391	0	0	0	0	0	1	3	0	0	0	0	0	0	0	0	0.15	0.121	0.225	0.3605	0	1	1	0.20589	0.2617	0.77835	0.1129	0.26648	0.82817	0.21	0.21	0	0	0	0	0	0	0	0	0	0	0	0	0	0	0	0	0	0	0	0	0	0	0	0	0	0	0	0	0	1	1	0	0	0	0	0	0
3.988	16.041	173.32	0.047	0.293	0.204	0.175	0	0	0	0	0	0	0	0	0	0	0	0	1	0	0	0	0	0	0	0	2	0	0	0.13961	0	0	0	0	0	0.37131	0	0	1	2	0.30503	0.37414	0.14435	0.13392	0.35872	0.25434	0.3	0.421	0	0	0	0	0	1	2	0.26089	0.38006	0.77653	0.13961	0.37131	0.9369	0.3	0.451	0	0	0	0	0	1	1	0.19205	0.38088	-0.19056	0.11671	0.37192	-0.073745	0.3	0.3	0	0	0	0	0	0	0	0	0	0	0	0	0	0	0	0	0	0	0	0	0	0	0	0	0	0	0	0	0	1	0	0	0	0	0	0	0
2.087	16.029	4.662	0.037	0.292	0.162	0.163	0.3	0.571	0	0	0	0	0	0	0	0	0	0	1	0	0	0	0	0	0	0	2	1	0	0	0	0	0	0	0	0	0	0	1	2	0.18739	0.41752	-0.0004317	0.25383	0.53408	0.79691	0.421	0.721	0	0	0	0	0	1	1	0.17538	0.37961	0.52608	0.10206	0.38676	0.21966	0.361	0.361	0	0	0	0	0	1	1	0.20836	0.41186	0.87389	0.10726	0.40565	0.91794	0.421	0.421	0	0	0	0	0	0	0	0	0	0	0	0	0	0	0	0	0	0	0	0	0	0	0	0	0	0	0	0	0	1	0	0	0	0	0	0	0
8.952	16.026	34.573	0.022	0.209	0.132	0.042	0	0	0	0	0	0	0	0	0	0	0	0	1	0	0	0	0	0	0	0	1	0	0	0.11286	0	0	0	0	0	0.39403	0	0	1	1	0.11271	0.39095	0.9674	0.056508	0.39056	0.93317	0.391	0.391	0	0	0	0	0	1	1	0.11286	0.39403	0.99928	0.057171	0.39225	0.98956	0.391	0.391	0	0	0	0	0	1	1	0.12147	0.38771	0.71067	0.064862	0.38642	-1.0173e+53	0.391	0.391	0	0	0	0	0	0	0	0	0	0	0	0	0	0	0	0	0	0	0	0	0	0	0	0	0	0	0	0	0	1	0	0	0	0	0	0	0
4.501	16.324	117.34	0.097	0.46	0.267	0.35	0	0	0	0	0	0	0	0	0	0	0	0	0	0	0	0	0	0	0	0	1	0	0	0.21323	0	0	0	0	0	0.36739	0	0	1	1	0.2923	0.40432	0.7509	0.047909	0.4233	0.47606	0.391	0.391	0	0	0	0	0	1	2	0.31928	0.44433	0.85254	0.21323	0.36739	0.95013	0.33	0.481	0	0	0	0	0	1	1	0.2448	0.4557	0.7512	0.10914	0.44625	0.60792	0.451	0.451	0	0	0	0	0	0	0	0	0	0	0	0	0	0	0	0	0	0	0	0	0	0	0	0	0	0	0	0	0	1	0	0	0	0	0	0	0
1.202	16.192	0	0.014	0.136	0.136	0.03	0	0	0	0	0	0	0	0	0	0	0	0	1	0	0	0	0	0	0	0	1	0	0	0	0	0	0	0	0	0	0	0	1	1	0.24294	0.42321	0.67605	0.10768	0.4286	0.48535	0.421	0.421	0	0	0	0	0	1	2	0.5091	0.631	0.61804	0.24935	0.50633	0.6588	0.421	0.511	0	0	0	0	0	1	1	0.18803	0.41066	0.79321	0.10603	0.42269	0.69	0.421	0.421	0	0	0	0	0	0	0	0	0	0	0	0	0	0	0	0	0	0	0	0	0	0	0	0	0	0	0	0	0	1	0	0	0	0	0	0	0
10.443	16.329	144.64	0.055	0.299	0.234	0.073	0.23336	0.41931	0	0	0	0	0	0	0	0.9179	0	0	0	0	0	0	0	0	0	0	1	0	1	0.21421	0	0	0	0	0	0.40036	0	0	1	1	0.23336	0.41931	0.98526	0.12629	0.41711	0.95299	0.421	0.421	0	0	0	0	0	1	1	0.21421	0.40036	0.98098	0.027603	0.40721	0.9271	0.421	0.421	0	0	0	0	0	1	1	0.16322	0.36521	0.74293	0.089539	0.36638	0.57609	0.361	0.361	0	0	0	0	0	0	0	0	0	0	0	0	0	0	0	0	0	0	0	0	0	0	0	0	0	0	0	0	0	1	0	0	0	0	0	0	0
1.916	16.767	11.322	1.221	2.677	0.581	5.748	0.26624	0.52788	0	0	0	0	0	0	0	0.64704	1.4799	0.43721	0	0	0	0	0	0	0	0	2	1	0	0.17227	0.39402	0	0	0	0	0.49319	0.35431	0	1	2	0.45186	0.51598	0.71936	0.26624	0.52788	0.92204	0.451	0.721	0	0	0	0	0	1	2	0.29202	0.48435	0.91182	0.17227	0.49319	0.99744	0.421	0.571	0	0	0	0	0	1	1	0.39402	0.35431	0.98247	0.19531	0.36184	0.98634	0.33	0.33	0	0	0	0	0	0	0	0	0	0	0	0	0	0	0	0	0	0	0	0	0	0	0	0	0	0	0	0	0	1	1	0	0	0	0	0	0
3.992	16.399	45.001	0.014	0.14	0.123	0.175	0.14434	0.37882	0	0	0	0	0	0	0	1.8775	0.96411	0.51351	1	0	0	0	0	0	0	0	1	0	1	0.271	0.13916	0	0	0	0	0.2555	0.38062	0	1	1	0.14434	0.37882	0.9891	0.073093	0.37917	0.97201	0.391	0.391	0	0	0	0	0	1	2	0.13808	0.37967	0.93268	0.060786	0.36413	0.88517	0.12	0.391	0	0	0	0	0	1	1	0.13916	0.38062	0.99583	0.072171	0.38176	0.97974	0.391	0.391	0	0	0	0	0	0	0	0	0	0	0	0	0	0	0	0	0	0	0	0	0	0	0	0	0	0	0	0	0	1	0	0	0	0	0	0	0
12.399	16.627	88.241	0.118	0.606	0.248	0.295	0	0	0	0	0	0	0	0	0	0	0	0	0	0	0	0	0	0	0	0	1	0	0	0	0.18742	0	0	0	0	0	0.36045	0	1	1	0.2289	0.40778	0.94358	0.12955	0.41449	0.99706	0.451	0.451	0	0	0	0	0	1	1	0.17013	0.37696	0.8008	0.086552	0.37796	0.66694	0.361	0.361	0	0	0	0	0	1	1	0.18742	0.36045	0.99453	0.10191	0.36133	0.98972	0.361	0.361	0	0	0	0	0	0	0	0	0	0	0	0	0	0	0	0	0	0	0	0	0	0	0	0	0	0	0	0	0	1	0	0	0	0	0	0	0
14.044	16.462	23.109	0.016	0.168	0.123	6.993	0	0	0	0	0	0	0	0	0	0	0	0	1	0	0	0	0	0	0	0	1	0	0	0	0	0	0	0	0	0	0	0	1	1	0.13658	0.38364	0.63873	0.064838	0.37847	0.39643	0.391	0.391	0	0	0	0	0	1	1	0.41118	0.15	0.51491	0.055392	0.37283	0.15137	0.361	0.361	0	0	0	0	0	1	2	0.10534	0.40846	-2.3794e+53	0.050647	0.43073	0.30253	0.12	0.421	0	0	0	0	0	0	0	0	0	0	0	0	0	0	0	0	0	0	0	0	0	0	0	0	0	0	0	0	0	1	0	0	0	0	0	0	0
5.006	16.679	91.67	0.042	0.249	0.213	0.03	0.20719	0.39402	0	0	0	0	0	0	0	0.54557	0	0	1	0	0	0	0	0	0	0	1	0	1	0.11304	0	0	0	0	0	0.36577	0	0	1	1	0.20719	0.39402	0.98282	0.10934	0.3955	0.98667	0.391	0.391	0	0	0	0	0	1	2	0.20456	0.39221	0.95893	0.11304	0.36577	0.94371	0.12	0.391	0	0	0	0	0	1	1	0.19302	0.38587	0.91944	0.10308	0.38169	0.85723	0.391	0.391	0	0	0	0	0	0	0	0	0	0	0	0	0	0	0	0	0	0	0	0	0	0	0	0	0	0	0	0	0	1	0	0	0	0	0	0	0
10.094	16.825	15.801	0.14	0.668	0.267	0.465	0	0	0	0	0	0	0	0	0	0	0	0	0	0	0	0	0	0	0	0	1	0	0	0	0.17187	0	0	0	0	0	0.41881	0	1	1	0.22715	0.35857	0.95872	0.12618	0.3591	0.98893	0.33	0.33	0	0	0	0	0	1	1	0.16677	0.40781	0.95625	0.088104	0.40607	0.98264	0.391	0.391	0	0	0	0	0	1	1	0.17187	0.41881	0.98933	0.093581	0.42065	0.98467	0.421	0.421	0	0	0	0	0	0	0	0	0	0	0	0	0	0	0	0	0	0	0	0	0	0	0	0	0	0	0	0	0	1	0	0	0	0	0	0	0
11.181	16.96	145.66	0.309	1.033	0.38	0.888	0.17191	0.46018	0	0	0	0	0	0	0	1.1691	1.0858	0.92878	0	0	0	0	0	0	0	0	2	1	0	0.20098	0.18666	0	0	0	0	0.31603	0.31301	0	1	2	0.28583	0.45169	0.92472	0.17191	0.46018	0.99904	0.391	0.541	0	0	0	0	0	1	1	0.20098	0.31603	0.9958	0.00249	0.31474	0.92547	0.3	0.3	0	0	0	0	0	1	1	0.18666	0.31301	0.9939	0.097401	0.31106	0.9674	0.3	0.3	0	0	0	0	0	0	0	0	0	0	0	0	0	0	0	0	0	0	0	0	0	0	0	0	0	0	0	0	0	1	0	0	0	0	0	0	0
4.315	17.085	54.298	0.192	0.757	0.323	0.778	0	0	0	0	0	0	0	0	0	0	0	0	0	0	0	0	0	0	0	0	2	0	0	0	0.24159	0	0	0	0	0	0.46113	0	1	2	0.64	0.53525	0.18411	0.35539	0.48331	0.59289	0.3	0.481	0	0	0	0	0	1	1	0.23311	0.54686	0.96583	0.12131	0.54222	0.95925	0.571	0.571	0	0	0	0	0	1	1	0.24159	0.46113	0.98858	0.13614	0.45085	0.96775	0.451	0.451	0	0	0	0	0	0	0	0	0	0	0	0	0	0	0	0	0	0	0	0	0	0	0	0	0	0	0	0	0	1	0	0	0	0	0	0	0
5.481	16.945	24.175	0.065	0.458	0.181	0.35	0	0	0	0	0	0	0	0	0	0	0	0	0	0	0	0	0	0	0	0	2	0	0	0	0	0	0	0	0	0	0	0	1	2	0.62238	0.54394	0.71425	0.13481	0.40359	0.11998	0.361	0.481	0	0	0	0	0	1	1	0.1846	0.40464	0.56467	0.10526	0.40277	0.29394	0.451	0.451	0	0	0	0	0	1	1	0.2048	0.3869	0.97187	0.11078	0.39012	0.93406	0.391	0.391	0	0	0	0	0	0	0	0	0	0	0	0	0	0	0	0	0	0	0	0	0	0	0	0	0	0	0	0	0	1	0	0	0	0	0	0	0
7.441	16.896	176.65	0.042	0.346	0.153	0.21	0.12022	0.42198	0	0	0	0	0	0	0	1.2516	1.0772	0.86064	1	0	0	0	0	0	0	0	1	0	1	0.15047	0.1295	0	0	0	0	0.41969	0.42151	0	1	1	0.12022	0.42198	0.99826	0.064059	0.41722	0.98133	0.421	0.421	0	0	0	0	0	1	1	0.15047	0.41969	0.99455	0.074238	0.42276	0.98539	0.421	0.421	0	0	0	0	0	1	1	0.1295	0.42151	0.99497	0.077922	0.42075	0.9695	0.421	0.421	0	0	0	0	0	0	0	0	0	0	0	0	0	0	0	0	0	0	0	0	0	0	0	0	0	0	0	0	0	1	0	0	0	0	0	0	0
3.813	17.045	77.179	0.017	0.167	0.131	0.778	0	0	0	0	0	0	0	0	0	0	0	0	1	0	0	0	0	0	0	0	0	0	0	0	0	0	0	0	0	0	0	0	1	0	0	0	0	0	0	0	0	0	0	0	0	0	0	1	1	0.18296	0.39707	0.549	0.093052	0.4179	-8.291e+49	0.451	0.451	0	0	0	0	0	1	1	0.18546	0.41532	0.525	0.10016	0.41513	0.22737	0.421	0.421	0	0	0	0	0	0	0	0	0	0	0	0	0	0	0	0	0	0	0	0	0	0	0	0	0	0	0	0	0	1	0	0	0	0	0	0	0
4.876	17.24	167.95	0.119	0.699	0.217	0.513	0	0	0	0	0	0	0	0	0	0	0	0.8977	0	0	0	0	0	0	0	0	1	0	0	0.24238	0.27	0	0	0	0	0.50981	0.556	0	1	1	0.21255	0.407	0.97448	0.1174	0.41239	0.9921	0.421	0.421	0	0	0	0	0	1	2	0.45697	0.54836	0.75597	0.24238	0.50981	0.97279	0.421	0.691	0	0	0	0	0	1	2	0.53123	0.57747	0.62116	0.24731	0.50735	0.90483	0.421	0.691	0	0	0	0	0	0	0	0	0	0	0	0	0	0	0	0	0	0	0	0	0	0	0	0	0	0	0	0	0	1	0	0	0	0	0	0	0
3.118	17.259	105.66	0.048	0.266	0.229	0.03	0	0	0	0	0	0	0	0	0	0	0	0	1	0	0	0	0	0	0	0	0	0	0	0	0	0	0	0	0	0	0	0	1	4	0	0	0	0	0	0	0	0	0.121	0.24	0.3005	0.541	0	1	3	0	0	0	0	0	0	0	0	0.061	0.24	0.3305	0.481	0	1	1	0.27771	0.37105	0.72334	0.15767	0.38248	0.83397	0.361	0.361	0	0	0	0	0	0	0	0	0	0	0	0	0	0	0	0	0	0	0	0	0	0	0	0	0	0	0	0	0	1	0	0	0	0	0	0	0
3.392	17.18	45.001	0.014	0.14	0.123	0.03	0	0	0	0	0	0	0	0	0	0	0	0	1	0	0	0	0	0	0	0	1	0	0	0.17509	0	0	0	0	0	0.39018	0	0	1	1	0.21556	0.39073	-1.0518e+53	0.11003	0.39004	0.73506	0.391	0.391	0	0	0	0	0	1	1	0.17509	0.39018	0.98763	0.089564	0.38992	0.95096	0.391	0.391	0	0	0	0	0	1	1	0.18991	0.37294	0.61558	0.1094	0.36319	0.36276	0.391	0.391	0	0	0	0	0	0	0	0	0	0	0	0	0	0	0	0	0	0	0	0	0	0	0	0	0	0	0	0	0	1	0	0	0	0	0	0	0
6.145	17.319	172.58	0.227	1.014	0.286	0.748	0.2225	0.42018	0	0	0	0	0	0	0	0	0.81395	0	0	0	0	0	0	0	0	0	1	0	1	0	0.1811	0	0	0	0	0	0.41523	0	1	1	0.2225	0.42018	0.99292	0.11845	0.42175	0.9963	0.421	0.421	0	0	0	0	0	1	1	0.22839	0.42818	0.95098	0.11943	0.42835	0.96295	0.421	0.421	0	0	0	0	0	1	1	0.1811	0.41523	0.99597	0.097367	0.40884	0.94509	0.421	0.421	0	0	0	0	0	0	0	0	0	0	0	0	0	0	0	0	0	0	0	0	0	0	0	0	0	0	0	0	0	1	0	0	0	0	0	0	0
9.934	17.346	140.08	0.032	0.258	0.156	0.115	0.13956	0.40718	0	0	0	0	0	0	0	0	0.93501	0	1	0	0	0	0	0	0	0	1	0	1	0	0.13049	0	0	0	0	0	0.39197	0	1	1	0.13956	0.40718	0.99733	0.067521	0.40676	0.97675	0.421	0.421	0	0	0	0	0	1	1	0.12633	0.38754	0.93874	0.064315	0.3871	0.80725	0.391	0.391	0	0	0	0	0	1	1	0.13049	0.39197	0.99891	0.069033	0.3937	0.96837	0.391	0.391	0	0	0	0	0	0	0	0	0	0	0	0	0	0	0	0	0	0	0	0	0	0	0	0	0	0	0	0	0	1	0	0	0	0	0	0	0
1.677	17.401	168.42	0.083	0.54	0.196	0.368	0	0	0	0	0	0	0	0	0	0	0	0	0	0	0	0	0	0	0	0	1	0	0	0	0	0	0	0	0	0	0	0	1	1	0.23553	0.38386	0.96648	0.13084	0.38247	0.9728	0.391	0.391	0	0	0	0	0	1	1	0.1981	0.43661	-6.7989e+51	0.10893	0.44064	0.92385	0.451	0.451	0	0	0	0	0	1	1	0.22943	0.41651	-0.091934	0.12545	0.42197	0.24135	0.391	0.391	0	0	0	0	0	0	0	0	0	0	0	0	0	0	0	0	0	0	0	0	0	0	0	0	0	0	0	0	0	1	0	0	0	0	0	0	0
1.072	17.538	69.085	0.047	0.313	0.191	0.157	0	0	0	0	0	0	0	0	0	0	0	0	1	0	0	0	0	0	0	0	0	0	0	0	0	0	0	0	0	0	0	0	1	3	0	0	0	0	0	0	0	0	0.12	0.21	0.421	0.586	0	1	3	0	0	0	0	0	0	0	0	0.121	0.21	0.3905	0.556	0	1	3	0	0	0	0	0	0	0	0	0.18	0.12	0.481	0.631	0	0	0	0	0	0	0	0	0	0	0	0	0	0	0	0	0	0	0	0	0	0	0	0	0	1	0	0	0	0	0	0	0
3.193	18.283	36.855	0.924	1.289	0.913	3.965	0	0	0	0	0	0	0	0	0	0	0	0	0	0	0	0	0	0	0	0	1	0	0	0	0	0	0	0	0	0	0	0	1	1	0.04	0.40599	-0.53667	0.063524	0.40431	-0.88797	0.691	0.691	0	0	0	0	0	1	1	0.32222	0.24837	0.85304	0.18896	0.24448	0.92099	0.3	0.3	0	0	0	0	0	1	2	0.64	0.23496	0.47195	0.481	0.3905	0.35652	0.27	0.391	0	0	0	0	0	0	0	0	0	0	0	0	0	0	0	0	0	0	0	0	0	0	0	0	0	0	0	0	0	1	0	0	0	0	0	0	0
2.424	17.757	84.455	0.069	0.516	0.172	0.5	0.12612	0.36362	0	0	0	0	0	0	0	0.97385	0	0	0	0	0	0	0	0	0	0	2	1	0	0.12282	0	0	0	0	0	0.38726	0	0	1	2	0.20582	0.36662	0.9016	0.12612	0.36362	0.96773	0.27	0.361	0	0	0	0	0	1	2	0.20458	0.41325	0.97043	0.12282	0.38726	0.9576	0.3	0.421	0	0	0	0	0	1	1	0.24669	0.41654	0.80382	0.13289	0.41252	0.69835	0.421	0.421	0	0	0	0	0	0	0	0	0	0	0	0	0	0	0	0	0	0	0	0	0	0	0	0	0	0	0	0	0	1	0	0	0	0	0	0	0
8.679	17.631	74.182	0.019	0.199	0.121	0.073	0.1274	0.39006	0	0	0	0	0	0	0	1.0933	0.93494	0.85513	1	0	0	0	0	0	0	0	1	0	1	0.13929	0.11911	0	0	0	0	0.38146	0.39217	0	1	1	0.1274	0.39006	0.99912	0.067736	0.38638	0.9823	0.391	0.391	0	0	0	0	0	1	1	0.13929	0.38146	0.99199	0.071012	0.38317	0.98776	0.391	0.391	0	0	0	0	0	1	1	0.11911	0.39217	0.99956	0.057969	0.39093	0.98453	0.391	0.391	0	0	0	0	0	0	0	0	0	0	0	0	0	0	0	0	0	0	0	0	0	0	0	0	0	0	0	0	0	1	0	0	0	0	0	0	0
11.967	17.762	148.64	0.124	0.673	0.234	0.555	0	0	0	0	0	0	0	0	0	0	0	0	0	0	0	0	0	0	0	0	1	0	0	0.17363	0	0	0	0	0	0.39039	0	0	1	1	0.64	0.18831	0.55519	0.29718	0.29859	0.89933	0.451	0.451	0	0	0	0	0	1	1	0.17363	0.39039	0.98679	0.096589	0.38585	0.97106	0.391	0.391	0	0	0	0	0	1	1	0.18486	0.38747	0.96831	0.10671	0.38254	0.95277	0.361	0.361	0	0	0	0	0	0	0	0	0	0	0	0	0	0	0	0	0	0	0	0	0	0	0	0	0	0	0	0	0	1	0	0	0	0	0	0	0
0.486	17.684	71.743	0.032	0.224	0.18	0.157	0	0	0	0	0	0	0	0	0	0	0	0	1	0	0	0	0	0	0	0	1	0	0	0	0	0	0	0	0	0	0	0	1	1	0.20675	0.39376	0.92959	0.12093	0.39103	0.90005	0.391	0.391	0	0	0	0	0	1	1	0.27198	0.37079	0.73335	0.12455	0.37979	0.54993	0.391	0.391	0	0	0	0	0	1	2	0.61291	0.53324	-0.021387	0.11374	0.36218	-0.95668	0.391	0.661	0	0	0	0	0	0	0	0	0	0	0	0	0	0	0	0	0	0	0	0	0	0	0	0	0	0	0	0	0	1	0	0	0	0	0	0	0
4.942	17.679	0	0.008	0.102	0.102	0.06	0	0	0	0	0	0	0	0	0	0	0	0	1	0	0	0	0	0	0	0	2	0	0	0	0	0	0	0	0	0	0	0	1	2	0.63752	0.661	-6.2721e+52	0.31723	0.50238	0.17264	0.33	0.691	0	0	0	0	0	1	1	0.088169	0.34027	-0.71455	0.095297	0.36684	-0.73523	0.691	0.691	0	0	0	0	0	1	2	0.12337	0.37822	-0.95027	0.28294	0.48952	0.25069	0.361	0.691	0	0	0	0	0	0	0	0	0	0	0	0	0	0	0	0	0	0	0	0	0	0	0	0	0	0	0	0	0	1	0	0	0	0	0	0	0
4.296	17.724	45	0.013	0.146	0.11	0.042	0.24	0.511	0	0	0	0	0	0	0	0	0	0	1	0	0	0	0	0	0	0	2	1	0	0	0	0	0	0	0	0	0	0	1	2	0.51853	0.661	0.65124	0.28971	0.51615	0.8515	0.391	0.631	0	0	0	0	0	1	1	0.54224	0.631	0.099719	0.28174	0.49013	0.37158	0.361	0.361	0	0	0	0	0	1	3	0	0	0	0	0	0	0	0	0.121	0.24	0.3005	0.481	0	0	0	0	0	0	0	0	0	0	0	0	0	0	0	0	0	0	0	0	0	0	0	0	0	1	0	0	0	0	0	0	0
8.004	18.008	166.72	0.719	2.061	0.444	2.336	0.17589	0.46094	0	0	0	0	0	0	0	0.94865	1.497	0.6337	0	0	0	0	0	0	0	0	2	1	0	0.16685	0.2633	0	0	0	0	0.38917	0.19039	0	1	2	0.28678	0.46134	0.87266	0.17589	0.46094	0.98273	0.391	0.541	0	0	0	0	0	1	2	0.25776	0.36665	0.88789	0.16685	0.38917	0.99861	0.3	0.451	0	0	0	0	0	1	1	0.2633	0.19039	0.98891	0.028882	0.193	0.94275	0.21	0.21	0	0	0	0	0	0	0	0	0	0	0	0	0	0	0	0	0	0	0	0	0	0	0	0	0	0	0	0	0	1	0	0	0	0	0	0	0
10.337	17.721	135	0.014	0.14	0.123	0.042	0.15433	0.43022	0	0	0	0	0	0	0	0.91955	0.94194	0.97623	1	0	0	0	0	0	0	0	1	0	1	0.14191	0.14537	0	0	0	0	0.40283	0.40581	0	1	1	0.15433	0.43022	0.99609	0.090473	0.43019	0.98142	0.421	0.421	0	0	0	0	0	1	1	0.14191	0.40283	0.99314	0.080568	0.40601	0.97814	0.391	0.391	0	0	0	0	0	1	1	0.14537	0.40581	0.99478	0.0827	0.41246	0.97886	0.391	0.391	0	0	0	0	0	0	0	0	0	0	0	0	0	0	0	0	0	0	0	0	0	0	0	0	0	0	0	0	0	1	0	0	0	0	0	0	0
1.218	17.791	159.54	0.051	0.336	0.195	0.253	0	0	0	0	0	0	0	0	0	0	0	0	0	0	0	0	0	0	0	0	1	0	0	0	0	0	0	0	0	0	0	0	1	1	0.29224	0.43652	0.48042	0.16023	0.45061	0.41644	0.451	0.451	0	0	0	0	0	1	2	0.64	0.52685	0.20676	0.24736	0.49951	0.29648	0.391	0.601	0	0	0	0	0	1	1	0.29797	0.38322	0.71894	0.13279	0.3951	0.73167	0.361	0.361	0	0	0	0	0	0	0	0	0	0	0	0	0	0	0	0	0	0	0	0	0	0	0	0	0	0	0	0	0	1	0	0	0	0	0	0	0
4.076	17.778	118.02	0.023	0.207	0.139	0.042	0	0	0	0	0	0	0	0	0	0	0	0	1	0	0	0	0	0	0	0	0	0	0	0	0.24501	0	0	0	0	0	0.50817	0	1	3	0	0	0	0	0	0	0	0	0.15	0.12	0.436	0.571	0	1	1	0.19437	0.40711	0.57652	0.10538	0.4027	0.32043	0.361	0.361	0	0	0	0	0	1	2	0.47242	0.54003	0.73803	0.24501	0.50817	0.96963	0.391	0.631	0	0	0	0	0	0	0	0	0	0	0	0	0	0	0	0	0	0	0	0	0	0	0	0	0	0	0	0	0	1	0	0	0	0	0	0	0
12.54	18.034	51.08	0.187	0.896	0.265	0.768	0.19858	0.32143	0	0	0	0	0	0	0	0	0.87145	0	0	0	0	0	0	0	0	0	1	0	1	0	0.17305	0	0	0	0	0	0.42126	0	1	1	0.19858	0.32143	0.9892	0.10658	0.31996	0.98959	0.3	0.3	0	0	0	0	0	1	1	0.17402	0.45575	0.97408	0.09606	0.45697	0.99868	0.481	0.481	0	0	0	0	0	1	1	0.17305	0.42126	0.99065	0.048874	0.43315	-1.5601e+51	0.451	0.451	0	0	0	0	0	0	0	0	0	0	0	0	0	0	0	0	0	0	0	0	0	0	0	0	0	0	0	0	0	1	0	0	0	0	0	0	0
1.75	18.28	70.34	0.432	0.909	0.606	1.328	0.30594	0.41623	0	0	0	0	0	0	0	0	0	0	0	0	0	0	0	0	0	0	2	1	0	0	0	0	0	0	0	0	0	0	1	2	0.64	0.48013	0.76127	0.30594	0.41623	0.96399	0.33	0.541	0	0	0	0	0	1	1	0.37699	0.41197	0.84646	0.18134	0.41307	0.94847	0.481	0.481	0	0	0	0	0	1	2	0.19688	0.15	-0.67895	0.481	0.3905	-0.00043138	0.12	0.631	0	0	0	0	0	0	0	0	0	0	0	0	0	0	0	0	0	0	0	0	0	0	0	0	0	0	0	0	0	1	0	0	0	0	0	0	0
4.64	17.978	5.928	0.222	0.793	0.356	0.778	0	0	0	0	0	0	0	0	0	0	0	0	0	0	0	0	0	0	0	0	1	0	0	0.121	0	0	0	0	0	0.3605	0	0	1	1	0.29853	0.38517	0.96758	0.16214	0.3865	0.96998	0.361	0.361	0	0	0	0	0	1	2	0.46367	0.34294	0.57862	0.30422	0.30211	0.91579	0.3	0.421	0	0	0	0	0	1	6	0	0	0	0	0	0	0	0	0	0	0	0	0	0	0	0	0	0	0	0	0	0	0	0	0	0	0	0	0	0	0	0	0	0	0	0	0	1	0	0	0	0	0	0	0
0.531	18.508	106.77	0.244	1.042	0.298	1.461	0	0	0	0	0	0	0	0	0	0	0	0	0	0	0	0	0	0	0	0	1	0	0	0	0	0	0	0	0	0	0	0	1	1	0.24596	0.43897	0.97245	0.13148	0.4402	0.98974	0.421	0.421	0	0	0	0	0	1	2	0.17283	0.35833	0.70498	0.092245	0.35827	0.13534	0.361	0.691	0	0	0	0	0	1	1	0.21833	0.42874	0.88583	0.11619	0.42696	0.61012	0.451	0.451	0	0	0	0	0	0	0	0	0	0	0	0	0	0	0	0	0	0	0	0	0	0	0	0	0	0	0	0	0	1	0	0	0	0	0	0	0
5.39	17.962	64.362	0.041	0.342	0.151	0.175	0.12708	0.40064	0	0	0	0	0	0	0	1.211	0.92348	0.76256	1	0	0	0	0	0	0	0	1	0	1	0.1539	0.11736	0	0	0	0	0.38469	0.38098	0	1	1	0.12708	0.40064	0.98319	0.066335	0.39964	0.95617	0.391	0.391	0	0	0	0	0	1	1	0.1539	0.38469	0.99431	0.082571	0.38937	0.96988	0.391	0.391	0	0	0	0	0	1	1	0.11736	0.38098	0.98322	0.062992	0.38188	0.96132	0.391	0.391	0	0	0	0	0	0	0	0	0	0	0	0	0	0	0	0	0	0	0	0	0	0	0	0	0	0	0	0	0	1	0	0	0	0	0	0	0
0.689	17.916	77.179	0.017	0.167	0.131	0.175	0	0	0	0	0	0	0	0	0	0	0	0	1	0	0	0	0	0	0	0	1	0	0	0.241	0	0	0	0	0	0.2705	0	0	1	1	0.12575	0.37181	0.804	0.070713	0.37275	0.76528	0.361	0.361	0	0	0	0	0	1	2	0.60543	0.15	0.6296	0.25203	0.27601	0.91934	0.15	0.391	0	0	0	0	0	1	1	0.12242	0.38034	0.28254	0.070308	0.37104	0.22937	0.391	0.391	0	0	0	0	0	0	0	0	0	0	0	0	0	0	0	0	0	0	0	0	0	0	0	0	0	0	0	0	0	1	0	0	0	0	0	0	0
10.536	18.745	13.255	1.253	2.466	0.647	5.264	0	0	0	0	0	0	0	0	0	0	0	0	0	0	0	0	0	0	0	0	2	0	0	0	0	0	0	0	0	0	0	0	1	2	0.2631	0.26528	0.31271	0.14269	0.25935	-0.71386	0.3	0.691	0	0	0	0	0	1	3	0	0	0	0	0	0	0	0	0.15	0.271	0.225	0.4355	0	1	1	0.23762	0.41929	0.94789	0.13061	0.41576	0.97879	0.421	0.421	0	0	0	0	0	0	0	0	0	0	0	0	0	0	0	0	0	0	0	0	0	0	0	0	0	0	0	0	0	1	0	0	0	0	0	0	0
1.044	18.162	53.258	0.06	0.296	0.26	0.175	0	0	0	0	0	0	0	0	0	0	0	0	0	0	0	0	0	0	0	0	2	0	0	0	0	0	0	0	0	0	0	0	1	2	0.36626	0.38793	0.41672	0.17464	0.35136	0.53056	0.27	0.421	0	0	0	0	0	1	3	0	0	0	0	0	0	0	0	0.12	0.181	0.24	0.3905	0	1	1	0.25008	0.37384	0.89658	0.13782	0.36396	0.85489	0.421	0.421	0	0	0	0	0	0	0	0	0	0	0	0	0	0	0	0	0	0	0	0	0	0	0	0	0	0	0	0	0	1	0	0	0	0	0	0	0
2.931	18.125	38.829	0.044	0.267	0.211	3.965	0	0	0	0	0	0	0	0	0	0	0	0	1	0	0	0	0	0	0	0	1	0	0	0.15149	0	0	0	0	0	0.30199	0	0	1	1	0.25354	0.37541	0.94695	0.13458	0.38484	0.96076	0.361	0.361	0	0	0	0	0	1	2	0.2681	0.28439	0.98748	0.15149	0.30199	0.99666	0.24	0.361	0	0	0	0	0	1	1	0.22441	0.38097	0.9641	0.12161	0.38956	0.95697	0.391	0.391	0	0	0	0	0	0	0	0	0	0	0	0	0	0	0	0	0	0	0	0	0	0	0	0	0	0	0	0	0	1	0	0	0	0	0	0	0
5.814	18.072	40.583	0.02	0.18	0.14	0.073	0.11506	0.39398	0	0	0	0	0	0	0	0.92202	1.0101	0.9128	1	0	0	0	0	0	0	0	1	0	1	0.10609	0.11622	0	0	0	0	0.3955	0.38817	0	1	1	0.11506	0.39398	0.99738	0.055822	0.39125	0.97579	0.391	0.391	0	0	0	0	0	1	1	0.10609	0.3955	0.99936	0.05398	0.39313	0.9853	0.391	0.391	0	0	0	0	0	1	1	0.11622	0.38817	0.98928	0.062246	0.38676	0.95816	0.391	0.391	0	0	0	0	0	0	0	0	0	0	0	0	0	0	0	0	0	0	0	0	0	0	0	0	0	0	0	0	0	1	0	0	0	0	0	0	0
10.754	18.084	45	0.013	0.146	0.11	0.042	0	0	0	0	0	0	0	0	0	0	0	0	1	0	0	0	0	0	0	0	1	0	0	0	0	0	0	0	0	0	0	0	1	1	0.17211	0.40314	0.58838	0.091407	0.40665	-7.9157e+50	0.391	0.391	0	0	0	0	0	1	1	0.14216	0.37549	0.72551	0.0821	0.37792	0.53908	0.361	0.361	0	0	0	0	0	1	0	0	0	0	0	0	0	0	0	0	0	0	0	0	0	0	0	0	0	0	0	0	0	0	0	0	0	0	0	0	0	0	0	0	0	0	0	0	1	0	0	0	0	0	0	0
11.274	18.336	14.088	0.042	0.325	0.166	0.175	0	0	0	0	0	0	0	0	0	0	0	0	1	0	0	0	0	0	0	0	1	0	0	0.26446	0	0	0	0	0	0.49193	0	0	1	1	0.52476	0.661	0.65751	0.27749	0.52226	0.98382	0.391	0.391	0	0	0	0	0	1	2	0.52806	0.60696	0.89355	0.26446	0.49193	0.96308	0.421	0.571	0	0	0	0	0	1	2	0.13194	0.40523	-0.29774	0.43649	0.41275	0.49554	0.391	0.691	0	0	0	0	0	0	0	0	0	0	0	0	0	0	0	0	0	0	0	0	0	0	0	0	0	0	0	0	0	1	0	0	0	0	0	0	0
0.087	18.425	95.22	0.046	0.311	0.188	0.12	0	0	0	0	0	0	0	0	0	0	0	0	1	0	0	0	0	0	0	0	2	0	0	0	0	0	0	0	0	0	0	0	1	2	0.18004	0.42092	0.25195	0.12339	0.43341	0.66974	0.361	0.511	0	0	0	0	0	1	1	0.17872	0.41106	0.63534	0.091172	0.40206	0.40939	0.361	0.361	0	0	0	0	0	1	1	0.17003	0.38874	0.84959	0.099885	0.39778	0.77251	0.361	0.361	0	0	0	0	0	0	0	0	0	0	0	0	0	0	0	0	0	0	0	0	0	0	0	0	0	0	0	0	0	1	1	0	0	0	0	0	0
9.838	18.309	0	0.008	0.102	0.102	0.06	0.33	0.556	0	0	0	0	0	0	0	0	0	0	1	0	0	0	0	0	0	0	2	1	0	0	0	0	0	0	0	0	0	0	1	2	0.11616	0.39751	0.057212	0.26978	0.52611	0.83221	0.391	0.721	0	0	0	0	0	1	1	0.4417	0.631	0.62931	0.062466	0.37639	-0.0081259	0.391	0.391	0	0	0	0	0	1	1	0.15048	0.40953	0.81952	0.076046	0.41135	0.50957	0.391	0.391	0	0	0	0	0	0	0	0	0	0	0	0	0	0	0	0	0	0	0	0	0	0	0	0	0	0	0	0	0	1	0	0	0	0	0	0	0
7.829	18.652	9.602	0.637	1.47	0.552	1.691	0.28404	0.37405	0	0	0	0	0	0	0	0	0.90097	0	0	0	0	0	0	0	0	0	2	1	0	0	0.25591	0	0	0	0	0	0.29749	0	1	2	0.52647	0.32016	0.82141	0.28404	0.37405	0.99145	0.21	0.481	0	0	0	0	0	1	2	0.28251	0.32166	0.71306	0.15056	0.32799	0.66193	0.27	0.391	0	0	0	0	0	1	1	0.25591	0.29749	0.98389	0.13358	0.30128	0.99194	0.3	0.3	0	0	0	0	0	0	0	0	0	0	0	0	0	0	0	0	0	0	0	0	0	0	0	0	0	0	0	0	0	1	0	0	0	0	0	0	0
4.48	18.997	31.422	0.754	1.255	0.765	3.369	0.20964	0.15	0	0	0	0	0	0	0	0.921	0	0	0	0	0	0	0	0	0	0	1	0	1	0.19308	0	0	0	0	0	0.45637	0	0	1	1	0.20964	0.15	0.99586	0.0056224	0.15281	0.90501	0.15	0.15	0	0	0	0	0	1	1	0.19308	0.45637	0.99526	0.10442	0.4546	0.99397	0.451	0.451	0	0	0	0	0	1	0	0	0	0	0	0	0	0	0	0	0	0	0	0	0	0	0	0	0	0	0	0	0	0	0	0	0	0	0	0	0	0	0	0	0	0	0	0	1	0	0	0	0	0	0	0
9.359	18.536	16.603	0.103	0.474	0.276	0.205	0.14448	0.39733	0	0	0	0	0	0	0	1.31	0	0	0	0	0	0	0	0	0	0	2	1	0	0.18926	0	0	0	0	0	0.36197	0	0	1	2	0.23955	0.39436	0.9399	0.14448	0.39733	0.99863	0.33	0.451	0	0	0	0	0	1	1	0.18926	0.36197	0.99531	0.10031	0.3614	0.99107	0.361	0.361	0	0	0	0	0	1	1	0.21779	0.35653	0.92888	0.12732	0.33857	0.84423	0.391	0.391	0	0	0	0	0	0	0	0	0	0	0	0	0	0	0	0	0	0	0	0	0	0	0	0	0	0	0	0	0	1	0	0	0	0	0	0	0
5.825	18.559	105.63	0.038	0.287	0.168	0.09	0	0	0	0	0	0	0	0	0	0	0	0	1	0	0	0	0	0	0	0	1	0	0	0	0.23792	0	0	0	0	0	0.27931	0	1	1	0.17356	0.37141	0.97471	0.090352	0.37064	0.91179	0.361	0.361	0	0	0	0	0	1	1	0.46962	0.15	0.67152	0.069608	0.38288	0.20787	0.391	0.391	0	0	0	0	0	1	2	0.39539	0.23671	0.63998	0.23792	0.27931	0.99549	0.15	0.391	0	0	0	0	0	0	0	0	0	0	0	0	0	0	0	0	0	0	0	0	0	0	0	0	0	0	0	0	0	1	0	0	0	0	0	0	0
1.084	18.684	108.44	0.017	0.205	0.107	0.103	0	0	0	0	0	0	0	0	0	0	0	0	1	0	0	0	0	0	0	0	2	0	0	0	0	0	0	0	0	0	0	0	1	2	0.23118	0.35546	-0.92138	0.090887	0.36116	-0.86793	0.361	0.721	0	0	0	0	0	1	1	0.10705	0.37022	-0.73333	0.066378	0.37374	-0.73785	0.361	0.361	0	0	0	0	0	1	1	0.15673	0.37621	0.58716	0.098233	0.36681	0.33987	0.33	0.33	0	0	0	0	0	0	0	0	0	0	0	0	0	0	0	0	0	0	0	0	0	0	0	0	0	0	0	0	0	1	0	0	0	0	0	0	0
5.678	18.824	158.29	0.023	0.191	0.157	0.03	0	0	0	0	0	0	0	0	0	0	0	0	1	0	0	0	0	0	0	0	2	0	0	0	0.23391	0	0	0	0	0	0.51404	0	1	2	0.11263	0.40724	0.30153	0.064693	0.40123	0.28727	0.421	0.691	0	0	0	0	0	1	2	0.12709	0.3978	0.53366	0.061778	0.38937	0.55402	0.391	0.691	0	0	0	0	0	1	2	0.12022	0.39865	0.55909	0.23391	0.51404	0.93335	0.391	0.661	0	0	0	0	0	0	0	0	0	0	0	0	0	0	0	0	0	0	0	0	0	0	0	0	0	0	0	0	0	1	0	0	0	0	0	0	0
6.606	18.906	24.675	0.1	0.518	0.246	0.29	0.25148	0.38128	0	0	0	0	0	0	0	0	0.78098	0	0	0	0	0	0	0	0	0	1	0	1	0	0.1964	0	0	0	0	0	0.39989	0	1	1	0.25148	0.38128	0.98454	0.072785	0.40022	0.8811	0.391	0.391	0	0	0	0	0	1	1	0.15335	0.35983	0.94928	0.081117	0.35726	0.97002	0.33	0.33	0	0	0	0	0	1	1	0.1964	0.39989	0.9913	0.10881	0.40397	0.98874	0.391	0.391	0	0	0	0	0	0	0	0	0	0	0	0	0	0	0	0	0	0	0	0	0	0	0	0	0	0	0	0	0	1	0	0	0	0	0	0	0
1.497	18.945	120.53	0.04	0.27	0.187	0.085	0	0	0	0	0	0	0	0	0	0	0	0	1	0	0	0	0	0	0	0	1	0	0	0	0	0	0	0	0	0	0	0	1	1	0.24871	0.41744	0.82025	0.12868	0.42083	0.69559	0.421	0.421	0	0	0	0	0	1	1	0.17365	0.37879	0.87521	0.096972	0.38422	0.78038	0.391	0.391	0	0	0	0	0	1	1	0.21428	0.38112	0.52943	0.10994	0.38209	-0.19723	0.391	0.391	0	0	0	0	0	0	0	0	0	0	0	0	0	0	0	0	0	0	0	0	0	0	0	0	0	0	0	0	0	1	0	0	0	0	0	0	0
2.28	19.041	59.562	0.066	0.397	0.211	0.248	0	0	0	0	0	0	0	0	0	0	0	0.99332	0	0	0	0	0	0	0	0	1	0	0	0.17979	0.181	0	0	0	0	0.4166	0.3305	0	1	1	0.1877	0.38606	0.75591	0.11733	0.39522	0.27361	0.391	0.391	0	0	0	0	0	1	1	0.17979	0.4166	0.98666	0.098969	0.41757	0.99004	0.421	0.421	0	0	0	0	0	1	2	0.64	0.18371	0.52457	0.26365	0.28182	0.73124	0.24	0.421	0	0	0	0	0	0	0	0	0	0	0	0	0	0	0	0	0	0	0	0	0	0	0	0	0	0	0	0	0	1	0	0	0	0	0	0	0
0.067	18.977	66.804	0.023	0.203	0.147	1.461	0.1567	0.37043	0	0	0	0	0	0	0	1.198	0.72872	0.60826	1	0	0	0	0	0	0	0	1	0	1	0.18773	0.11419	0	0	0	0	0.47722	0.37394	0	1	1	0.1567	0.37043	0.9818	0.082482	0.37217	0.98333	0.361	0.361	0	0	0	0	0	1	2	0.32298	0.46779	0.7649	0.18773	0.47722	0.96627	0.391	0.571	0	0	0	0	0	1	1	0.11419	0.37394	0.98905	0.063417	0.37384	0.99185	0.361	0.361	0	0	0	0	0	0	0	0	0	0	0	0	0	0	0	0	0	0	0	0	0	0	0	0	0	0	0	0	0	1	1	0	0	0	0	0	0
1.91	19.043	103.08	0.048	0.306	0.199	0.06	0	0	0	0	0	0	0	0	0	0	0	0	1	0	0	0	0	0	0	0	1	0	0	0	0	0	0	0	0	0	0	0	1	1	0.61811	0.60839	0.69118	0.25443	0.53379	0.72103	0.421	0.421	0	0	0	0	0	1	1	0.22464	0.43478	0.63184	0.11886	0.45668	0.69003	0.451	0.451	0	0	0	0	0	1	2	0.1135	0.43972	-0.63708	0.25538	0.50331	0.57422	0.451	0.691	0	0	0	0	0	0	0	0	0	0	0	0	0	0	0	0	0	0	0	0	0	0	0	0	0	0	0	0	0	1	0	0	0	0	0	0	0
1.066	18.985	90	0.011	0.136	0.102	0.03	0	0	0	0	0	0	0	0	0	0	0	0	1	0	0	0	0	0	0	0	1	0	0	0	0	0	0	0	0	0	0	0	1	1	0.14769	0.36118	0.40872	0.078242	0.34993	0.46071	0.3	0.3	0	0	0	0	0	1	1	0.14741	0.36413	0.56856	0.076742	0.349	0.32324	0.3	0.3	0	0	0	0	0	1	1	0.21391	0.33851	0.73273	0.10794	0.34155	0.71459	0.3	0.3	0	0	0	0	0	0	0	0	0	0	0	0	0	0	0	0	0	0	0	0	0	0	0	0	0	0	0	0	0	1	0	0	0	0	0	0	0
12.967	19.225	156.57	0.151	0.492	0.39	0.085	0.21737	0.38953	0	0	0	0	0	0	0	0.99091	0	0	0	0	0	0	0	0	0	0	2	1	0	0.2154	0	0	0	0	0	0.4189	0	0	1	2	0.35317	0.41379	0.76797	0.21737	0.38953	0.98996	0.27	0.511	0	0	0	0	0	1	1	0.2154	0.4189	0.99598	0.11571	0.42117	0.96574	0.421	0.421	0	0	0	0	0	1	1	0.20622	0.44297	0.93106	0.1161	0.43676	0.96089	0.451	0.451	0	0	0	0	0	0	0	0	0	0	0	0	0	0	0	0	0	0	0	0	0	0	0	0	0	0	0	0	0	1	0	0	0	0	0	0	0
0.968	19.24	174.35	0.089	0.485	0.235	0.393	0.21	0.526	0	0	0	0	0	0	0	0	0	0	0	0	0	0	0	0	0	0	2	1	0	0	0	0	0	0	0	0	0	0	1	2	0.40036	0.53338	0.82561	0.22747	0.53963	0.91436	0.421	0.631	0	0	0	0	0	1	1	0.19648	0.43559	0.49925	0.093626	0.43671	0.18491	0.481	0.481	0	0	0	0	0	1	1	0.15677	0.39341	0.9613	0.084621	0.38894	0.83302	0.391	0.391	0	0	0	0	0	0	0	0	0	0	0	0	0	0	0	0	0	0	0	0	0	0	0	0	0	0	0	0	0	1	0	0	0	0	0	0	0
6.097	19.168	149.04	0.028	0.194	0.184	0.03	0	0	0	0	0	0	0	0	0	0	0	0	1	0	0	0	0	0	0	0	1	0	0	0	0	0	0	0	0	0	0	0	1	1	0.53028	0.17588	0.74342	0.35295	0.32648	0.63451	0.391	0.391	0	0	0	0	0	1	1	0.21214	0.38417	0.76921	0.09326	0.39114	-Inf	0.391	0.391	0	0	0	0	0	1	1	0.52568	0.15	0.54977	0.25163	0.27582	0.77898	0.421	0.421	0	0	0	0	0	0	0	0	0	0	0	0	0	0	0	0	0	0	0	0	0	0	0	0	0	0	0	0	0	1	0	0	0	0	0	0	0
8.021	19.226	71.565	0.018	0.202	0.114	0.103	0.12896	0.4016	0	0	0	0	0	0	0	0.93579	0	0	1	0	0	0	0	0	0	0	1	0	1	0.12068	0	0	0	0	0	0.39631	0	0	1	1	0.12896	0.4016	0.99554	0.067336	0.40086	0.97195	0.391	0.391	0	0	0	0	0	1	1	0.12068	0.39631	0.98709	0.0608	0.39474	0.96786	0.391	0.391	0	0	0	0	0	1	2	0.12809	0.41033	0.8185	0.063924	0.40045	0.50875	0.421	0.691	0	0	0	0	0	0	0	0	0	0	0	0	0	0	0	0	0	0	0	0	0	0	0	0	0	0	0	0	0	1	0	0	0	0	0	0	0
2.752	19.459	107.93	0.195	0.69	0.36	0.373	0.27395	0.32282	0	0	0	0	0	0	0	0	0	0	0	0	0	0	0	0	0	0	2	1	0	0	0	0	0	0	0	0	0	0	1	2	0.38125	0.39713	0.7909	0.27395	0.32282	0.96145	0.15	0.451	0	0	0	0	0	1	1	0.23839	0.3568	0.83722	0.12337	0.35893	0.4664	0.361	0.361	0	0	0	0	0	1	1	0.24001	0.38309	0.95358	0.12743	0.38587	0.8549	0.391	0.391	0	0	0	0	0	0	0	0	0	0	0	0	0	0	0	0	0	0	0	0	0	0	0	0	0	0	0	0	0	1	0	0	0	0	0	0	0
1.661	19.547	0.059	0.275	0.801	0.438	1.02	0	0	0	0	0	0	0	0	0	0	0	0.45619	0	0	0	0	0	0	0	0	0	0	0	0.151	0.331	0	0	0	0	0.3755	0.3155	0	1	4	0	0	0	0	0	0	0	0	0.15	0.15	0.195	0.496	0	1	2	0.25207	0.4197	0.88751	0.14654	0.36558	0.86614	0.3	0.451	0	0	0	0	0	1	2	0.2127	0.50872	0.81007	0.35817	0.32909	0.89266	0.15	0.481	0	0	0	0	0	0	0	0	0	0	0	0	0	0	0	0	0	0	0	0	0	0	0	0	0	0	0	0	0	1	0	0	0	0	0	0	0
3.513	19.361	108.34	0.041	0.303	0.171	0.103	0.18455	0.39501	0	0	0	0	0	0	0	0	0	0	1	0	0	0	0	0	0	0	1	0	1	0	0	0	0	0	0	0	0	0	1	1	0.18455	0.39501	0.99404	0.10409	0.39542	0.96278	0.391	0.391	0	0	0	0	0	1	1	0.15566	0.38979	0.97756	0.082656	0.38821	0.91134	0.391	0.391	0	0	0	0	0	1	1	0.20787	0.39153	0.82406	0.10561	0.3842	0.71066	0.391	0.391	0	0	0	0	0	0	0	0	0	0	0	0	0	0	0	0	0	0	0	0	0	0	0	0	0	0	0	0	0	1	0	0	0	0	0	0	0
7.066	19.337	157.66	0.034	0.262	0.166	0.073	0.14197	0.41154	0	0	0	0	0	0	0	0.94052	0.97771	0.96197	1	0	0	0	0	0	0	0	1	0	1	0.13352	0.1388	0	0	0	0	0.41928	0.42579	0	1	1	0.14197	0.41154	0.99945	0.07084	0.41158	0.98842	0.421	0.421	0	0	0	0	0	1	1	0.13352	0.41928	0.99888	0.072874	0.41826	0.98711	0.421	0.421	0	0	0	0	0	1	1	0.1388	0.42579	0.99968	0.076496	0.42246	0.98785	0.421	0.421	0	0	0	0	0	0	0	0	0	0	0	0	0	0	0	0	0	0	0	0	0	0	0	0	0	0	0	0	0	1	0	0	0	0	0	0	0
5.992	20.347	89.702	0.864	1.181	0.931	3.327	0.31621	0.30811	0	0	0	0	0	0	0	0.66315	0	0	0	0	0	0	0	0	0	0	2	1	0	0.2097	0	0	0	0	0	0.44255	0	0	1	2	0.51971	0.33478	0.87195	0.31621	0.30811	0.98082	0.18	0.391	0	0	0	0	0	1	2	0.3448	0.43996	0.79972	0.2097	0.44255	0.98207	0.33	0.571	0	0	0	0	0	1	1	0.41883	0.41041	0.96255	0.04282	0.39565	-2.2002e+52	0.391	0.391	0	0	0	0	0	0	0	0	0	0	0	0	0	0	0	0	0	0	0	0	0	0	0	0	0	0	0	0	0	1	0	0	0	0	0	0	0
8.665	19.97	141.58	0.489	1.186	0.525	2.113	0	0	0	0	0	0	0	0	0	0	0	0.89189	0	0	0	0	0	0	0	0	1	0	0	0.27479	0.24508	0	0	0	0	0.34431	0.35419	0	1	1	0.24372	0.63018	0.97538	0.039742	0.62182	0.88762	0.601	0.601	0	0	0	0	0	1	2	0.60497	0.28317	0.82435	0.27479	0.34431	0.98897	0.27	0.451	0	0	0	0	0	1	2	0.47585	0.35437	0.91801	0.24508	0.35419	0.96524	0.27	0.451	0	0	0	0	0	0	0	0	0	0	0	0	0	0	0	0	0	0	0	0	0	0	0	0	0	0	0	0	0	1	0	0	0	0	0	0	0
9.734	19.682	82.422	0.169	0.555	0.387	0.06	0.211	0.3755	0	0	0	0	0	0	0	0	0.90648	0	0	0	0	0	0	0	0	0	2	1	0	0	0.19127	0	0	0	0	0	0.42573	0	1	2	0.33857	0.3522	0.51846	0.21403	0.37299	0.9061	0.27	0.481	0	0	0	0	0	1	1	0.27976	0.39501	0.95819	0.15923	0.39592	0.99356	0.361	0.361	0	0	0	0	0	1	1	0.19127	0.42573	0.98965	0.10439	0.42342	0.96491	0.451	0.451	0	0	0	0	0	0	0	0	0	0	0	0	0	0	0	0	0	0	0	0	0	0	0	0	0	0	0	0	0	1	0	0	0	0	0	0	0
0.809	19.554	15.818	0.019	0.199	0.121	0.103	0	0	0	0	0	0	0	0	0	0	0	0	1	0	0	0	0	0	0	0	2	0	0	0	0	0	0	0	0	0	0	0	1	2	0.12862	0.36335	-1.0207	0.07519	0.37037	-1.0489	0.361	0.721	0	0	0	0	0	1	1	0.51344	0.15	-0.3751	0.079312	0.38155	-1.4556	0.361	0.361	0	0	0	0	0	1	1	0.16467	0.35485	0.7397	0.093259	0.35772	0.56407	0.361	0.361	0	0	0	0	0	0	0	0	0	0	0	0	0	0	0	0	0	0	0	0	0	0	0	0	0	0	0	0	0	1	0	0	0	0	0	0	0
4.999	20.065	31.336	0.506	1.327	0.486	1.806	0.23566	0.36013	0	0	0	0	0	0	0	0	1.1887	0	0	0	0	0	0	0	0	0	2	1	0	0	0.28012	0	0	0	0	0	0.36168	0	1	2	0.41419	0.38455	0.81274	0.23566	0.36013	0.99277	0.24	0.481	0	0	0	0	0	1	1	0.19698	0.26344	0.97003	0.02393	0.25644	0.86789	0.27	0.27	0	0	0	0	0	1	2	0.51124	0.31196	0.73904	0.28012	0.36168	0.97969	0.24	0.481	0	0	0	0	0	0	0	0	0	0	0	0	0	0	0	0	0	0	0	0	0	0	0	0	0	0	0	0	0	1	0	0	0	0	0	0	0
0.332	19.659	166.97	0.032	0.268	0.15	0.163	0	0	0	0	0	0	0	0	0	0	0	0	1	0	0	0	0	0	0	0	1	0	0	0	0.15428	0	0	0	0	0	0.39929	0	1	1	0.15177	0.42083	0.90437	0.078579	0.4199	0.67123	0.421	0.421	0	0	0	0	0	1	1	0.1231	0.39704	0.59656	0.052665	0.41517	-7.0273e+52	0.391	0.391	0	0	0	0	0	1	1	0.15428	0.39929	0.98976	0.077163	0.39929	0.95413	0.391	0.391	0	0	0	0	0	0	0	0	0	0	0	0	0	0	0	0	0	0	0	0	0	0	0	0	0	0	0	0	0	1	0	0	0	0	0	0	0
2.463	19.661	90	0.018	0.169	0.136	0.03	0	0	0	0	0	0	0	0	0	0	0	0	1	0	0	0	0	0	0	0	1	0	0	0.24	0	0	0	0	0	0.511	0	0	1	1	0.13283	0.38438	-0.32232	0.073085	0.38016	-0.34262	0.361	0.361	0	0	0	0	0	1	2	0.54775	0.631	0.65477	0.25033	0.50584	0.90343	0.391	0.631	0	0	0	0	0	1	1	0.11935	0.37158	0.44802	0.067935	0.37526	-8.4467e+52	0.361	0.361	0	0	0	0	0	0	0	0	0	0	0	0	0	0	0	0	0	0	0	0	0	0	0	0	0	0	0	0	0	1	0	0	0	0	0	0	0
3.313	19.716	146.08	0.04	0.305	0.166	0.188	0	0	0	0	0	0	0	0	0	0	0	0	1	0	0	0	0	0	0	0	2	0	0	0	0	0	0	0	0	0	0	0	1	2	0.63796	0.661	0.50297	0.2918	0.5151	0.69222	0.421	0.541	0	0	0	0	0	1	1	0.22112	0.43457	0.80277	0.11647	0.43795	0.83389	0.481	0.481	0	0	0	0	0	1	1	0.1922	0.42527	0.81423	0.11856	0.45614	0.72191	0.391	0.391	0	0	0	0	0	0	0	0	0	0	0	0	0	0	0	0	0	0	0	0	0	0	0	0	0	0	0	0	0	1	0	0	0	0	0	0	0
10.311	19.789	8.802	0.133	0.463	0.365	0.042	0.22021	0.40146	0	0	0	0	0	0	0	0.94401	0	0	0	0	0	0	0	0	0	0	2	1	0	0.20788	0	0	0	0	0	0.40994	0	0	1	2	0.12947	0.29074	0.33736	0.22021	0.40146	0.96715	0.27	0.511	0	0	0	0	0	1	1	0.20788	0.40994	0.98749	0.11428	0.40903	0.98854	0.421	0.421	0	0	0	0	0	1	1	0.24589	0.40342	0.9558	0.14384	0.40958	0.94369	0.361	0.361	0	0	0	0	0	0	0	0	0	0	0	0	0	0	0	0	0	0	0	0	0	0	0	0	0	0	0	0	0	1	0	0	0	0	0	0	0
12.211	19.706	0	0.018	0.169	0.136	0.06	0.119	0.40436	0	0	0	0	0	0	0	0	0.94814	0	1	0	0	0	0	0	0	0	1	0	1	0	0.11283	0	0	0	0	0	0.4034	0	1	1	0.119	0.40436	0.99189	0.064051	0.40387	0.97877	0.421	0.421	0	0	0	0	0	1	1	0.12705	0.40719	0.87891	0.068825	0.40624	0.79566	0.421	0.421	0	0	0	0	0	1	1	0.11283	0.4034	0.99826	0.060888	0.40315	0.98799	0.421	0.421	0	0	0	0	0	0	0	0	0	0	0	0	0	0	0	0	0	0	0	0	0	0	0	0	0	0	0	0	0	1	0	0	0	0	0	0	0
13.68	20.017	147.96	0.374	1.4	0.34	1.668	0	0	0	0	0	0	0	0	0	0	0	0	0	0	0	0	0	0	0	0	1	0	0	0	0.17075	0	0	0	0	0	0.3337	0	1	1	0.22492	0.4679	0.97792	0.1236	0.46663	0.99499	0.421	0.421	0	0	0	0	0	1	1	0.20646	0.27154	0.94386	0.11152	0.26766	0.96771	0.24	0.24	0	0	0	0	0	1	1	0.17075	0.3337	0.99577	0.094332	0.33623	0.97928	0.33	0.33	0	0	0	0	0	0	0	0	0	0	0	0	0	0	0	0	0	0	0	0	0	0	0	0	0	0	0	0	0	1	0	0	0	0	0	0	0
0.348	20.201	129.61	0.185	0.876	0.269	1.295	0.22241	0.49933	0	0	0	0	0	0	0	1.4837	0	0	0	0	0	0	0	0	0	0	2	1	0	0.33	0	0	0	0	0	0.526	0	0	1	2	0.34377	0.45582	0.82768	0.22241	0.49933	0.99418	0.391	0.601	0	0	0	0	0	1	2	0.11352	0.37376	0.6982	0.062689	0.37646	0.71689	0.361	0.691	0	0	0	0	0	1	1	0.17842	0.36468	0.97673	0.092705	0.36263	0.97276	0.361	0.361	0	0	0	0	0	0	0	0	0	0	0	0	0	0	0	0	0	0	0	0	0	0	0	0	0	0	0	0	0	1	1	0	0	0	0	0	0
1.047	19.927	118.92	0.051	0.381	0.169	0.26	0	0	0	0	0	0	0	0	0	0	0	0	0	0	0	0	0	0	0	0	1	0	0	0	0	0	0	0	0	0	0	0	1	1	0.12936	0.38906	0.85657	0.076891	0.39044	0.79385	0.391	0.391	0	0	0	0	0	1	2	0.15607	0.39394	0.84529	0.071364	0.38418	-Inf	0.391	0.661	0	0	0	0	0	1	1	0.14859	0.39487	0.84937	0.073773	0.39831	0.7395	0.391	0.391	0	0	0	0	0	0	0	0	0	0	0	0	0	0	0	0	0	0	0	0	0	0	0	0	0	0	0	0	0	1	0	0	0	0	0	0	0
7.056	20.82	92.093	0.626	1.363	0.585	3.166	0	0	0	0	0	0	0	0	0	0	0	0	0	0	0	0	0	0	0	0	1	0	0	0	0.1229	0	0	0	0	0	0.29412	0	1	1	0.48104	0.59817	0.9759	0.22888	0.54656	0.86296	0.541	0.541	0	0	0	0	0	1	1	0.39343	0.20223	0.95427	0.19168	0.24584	0.98526	0.27	0.27	0	0	0	0	0	1	2	0.21135	0.28329	0.96198	0.1229	0.29412	0.9964	0.24	0.33	0	0	0	0	0	0	0	0	0	0	0	0	0	0	0	0	0	0	0	0	0	0	0	0	0	0	0	0	0	1	0	0	0	0	0	0	0
3.904	20.199	135.42	0.117	0.515	0.29	0.44	0	0	0	0	0	0	0	0	0	0	0	0	0	0	0	0	0	0	0	0	1	0	0	0	0	0	0	0	0	0	0	0	1	1	0.27001	0.41606	0.973	0.091869	0.39127	0.82895	0.391	0.391	0	0	0	0	0	1	1	0.19052	0.35454	0.97853	0.10425	0.35667	0.96637	0.361	0.361	0	0	0	0	0	1	1	0.39577	0.46071	0.90712	0.21775	0.46477	0.35528	0.481	0.481	0	0	0	0	0	0	0	0	0	0	0	0	0	0	0	0	0	0	0	0	0	0	0	0	0	0	0	0	0	1	0	0	0	0	0	0	0
8.299	20.366	137.74	0.271	0.889	0.388	0.878	0.21192	0.38473	0	0	0	0	0	0	0	0	0.96029	0	0	0	0	0	0	0	0	0	2	1	0	0	0.2035	0	0	0	0	0	0.40819	0	1	2	0.34734	0.39855	0.86784	0.21192	0.38473	0.99682	0.27	0.481	0	0	0	0	0	1	1	0.17584	0.43157	0.86872	0.089585	0.42704	0.5444	0.421	0.421	0	0	0	0	0	1	1	0.2035	0.40819	0.98453	0.06729	0.42259	0.91908	0.421	0.421	0	0	0	0	0	0	0	0	0	0	0	0	0	0	0	0	0	0	0	0	0	0	0	0	0	0	0	0	0	1	0	0	0	0	0	0	0
11.945	21.287	50.723	1.399	2.017	0.883	6.404	0	0	0	0	0	0	0	0	0	0	0	0	0	0	0	0	0	0	0	0	0	0	0	0	0.18804	0	0	0	0	0	0.41564	0	1	0	0	0	0	0	0	0	0	0	0	0	0	0	0	1	1	0.04	0.40606	-0.60416	0.065573	0.40497	-0.81272	0.661	0.661	0	0	0	0	0	1	2	0.34274	0.43581	0.95499	0.18804	0.41564	0.99731	0.361	0.451	0	0	0	0	0	0	0	0	0	0	0	0	0	0	0	0	0	0	0	0	0	0	0	0	0	0	0	0	0	1	0	0	0	0	0	0	0
2.95	20.293	108.83	0.146	0.534	0.348	0.218	0	0	0	0	0	0	0	0	0	0	0	0.69542	0	0	0	0	0	0	0	0	1	0	0	0.17256	0.12	0	0	0	0	0.36637	0.511	0	1	1	0.33408	0.38991	0.94432	0.094656	0.41701	0.86836	0.451	0.451	0	0	0	0	0	1	2	0.31328	0.39813	0.92651	0.17256	0.36637	0.97645	0.33	0.451	0	0	0	0	0	1	2	0.35857	0.46934	0.62332	0.22597	0.51801	0.74211	0.451	0.571	0	0	0	0	0	0	0	0	0	0	0	0	0	0	0	0	0	0	0	0	0	0	0	0	0	0	0	0	0	1	0	0	0	0	0	0	0
10.319	20.247	90	0.023	0.188	0.159	0.03	0.11787	0.39097	0	0	0	0	0	0	0	1.0729	1.0151	0.94609	1	0	0	0	0	0	0	0	1	0	1	0.12646	0.11965	0	0	0	0	0.39775	0.38691	0	1	1	0.11787	0.39097	0.99886	0.063506	0.39381	0.98524	0.391	0.391	0	0	0	0	0	1	1	0.12646	0.39775	0.99891	0.067177	0.39911	0.98582	0.391	0.391	0	0	0	0	0	1	1	0.11965	0.38691	0.99966	0.063066	0.38648	0.98901	0.391	0.391	0	0	0	0	0	0	0	0	0	0	0	0	0	0	0	0	0	0	0	0	0	0	0	0	0	0	0	0	0	1	0	0	0	0	0	0	0
0.856	20.232	0	0.008	0.102	0.102	0.06	0.271	0.2555	0	0	0	0	0	0	0	0	0	0	1	0	0	0	0	0	0	0	2	1	0	0	0	0	0	0	0	0	0	0	1	2	0.16418	0.38451	0.82341	0.086051	0.40954	0.85147	0.12	0.391	0	0	0	0	0	1	1	0.49611	0.16077	0.48046	0.10799	0.37818	0.33427	0.361	0.361	0	0	0	0	0	1	1	0.15759	0.38654	0.91321	0.082716	0.38803	0.93074	0.391	0.391	0	0	0	0	0	0	0	0	0	0	0	0	0	0	0	0	0	0	0	0	0	0	0	0	0	0	0	0	0	1	0	0	0	0	0	0	0
4.313	20.578	83.562	0.073	0.366	0.254	0.06	0.26334	0.49958	0	0	0	0	0	0	0	0	0	0	0	0	0	0	0	0	0	0	2	1	0	0	0	0	0	0	0	0	0	0	1	2	0.22226	0.38712	0.84244	0.26334	0.49958	0.95981	0.361	0.721	0	0	0	0	0	1	3	0	0	0	0	0	0	0	0	0.121	0.27	0.3005	0.496	0	1	1	0.21887	0.39796	0.72611	0.03158	0.40706	0.47659	0.421	0.421	0	0	0	0	0	0	0	0	0	0	0	0	0	0	0	0	0	0	0	0	0	0	0	0	0	0	0	0	0	1	0	0	0	0	0	0	0
10.702	20.531	55.657	0.035	0.323	0.139	0.2	0.12125	0.38475	0	0	0	0	0	0	0	0.89548	0.89619	0.99922	1	0	0	0	0	0	0	0	1	0	1	0.10857	0.10866	0	0	0	0	0.38824	0.38578	0	1	1	0.12125	0.38475	0.99716	0.061935	0.38384	0.97681	0.391	0.391	0	0	0	0	0	1	1	0.10857	0.38824	0.99923	0.053713	0.38845	0.98455	0.391	0.391	0	0	0	0	0	1	1	0.10866	0.38578	0.99944	0.05772	0.38606	0.98845	0.391	0.391	0	0	0	0	0	0	0	0	0	0	0	0	0	0	0	0	0	0	0	0	0	0	0	0	0	0	0	0	0	1	0	0	0	0	0	0	0
3.389	20.59	41.165	0.037	0.288	0.163	0.085	0.26934	0.52633	0	0	0	0	0	0	0	0	0	0	1	0	0	0	0	0	0	0	2	1	0	0	0	0	0	0	0	0	0	0	1	2	0.17483	0.661	0.51797	0.26934	0.52633	0.97492	0.391	0.661	0	0	0	0	0	1	1	0.42335	0.631	0.59951	0.073504	0.40279	0.1073	0.421	0.421	0	0	0	0	0	1	1	0.15648	0.40689	0.46154	0.083242	0.40558	0.1105	0.421	0.421	0	0	0	0	0	0	0	0	0	0	0	0	0	0	0	0	0	0	0	0	0	0	0	0	0	0	0	0	0	1	0	0	0	0	0	0	0
3.976	21.195	0.193	1.424	2.573	0.705	7.272	0	0	0	0	0	0	0	0	0	0	0	0	0	0	0	0	0	0	0	0	0	0	0	0	0.31053	0	0	0	0	0	0.30526	0	1	3	0	0	0	0	0	0	0	0	0.121	0.24	0.3605	0.541	0	1	1	0.35742	0.34364	0.87352	0.18333	0.35709	0.77175	0.3	0.3	0	0	0	0	0	1	2	0.1711	0.15	0.42667	0.31053	0.30526	0.9862	0.15	0.481	0	0	0	0	0	0	0	0	0	0	0	0	0	0	0	0	0	0	0	0	0	0	0	0	0	0	0	0	0	1	0	0	0	0	0	0	0
1.623	21.593	144.3	1.259	2.192	0.731	4.644	0.18176	0.57012	0	0	0	0	0	0	0	1.2006	0	0	0	0	0	0	0	0	0	0	2	1	0	0.21822	0	0	0	0	0	0.52189	0	0	1	2	0.32924	0.56237	0.82798	0.18176	0.57012	0.93657	0.511	0.631	0	0	0	0	0	1	2	0.38698	0.62255	0.93737	0.21822	0.52189	0.99833	0.421	0.631	0	0	0	0	0	1	2	0.16257	0.631	0.75563	0.25748	0.50226	0.68107	0.12	0.601	0	0	0	0	0	0	0	0	0	0	0	0	0	0	0	0	0	0	0	0	0	0	0	0	0	0	0	0	0	1	1	0	0	0	0	0	0
4.633	20.864	30.822	0.035	0.325	0.138	0.188	0	0	0	0	0	0	0	0	0	0	0	0	1	0	0	0	0	0	0	0	1	0	0	0	0	0	0	0	0	0	0	0	1	1	0.17686	0.40714	0.45705	0.10152	0.40412	0.10664	0.421	0.421	0	0	0	0	0	1	1	0.14905	0.40056	0.2067	0.078113	0.40292	-0.88589	0.391	0.391	0	0	0	0	0	1	0	0	0	0	0	0	0	0	0	0	0	0	0	0	0	0	0	0	0	0	0	0	0	0	0	0	0	0	0	0	0	0	0	0	0	0	0	0	1	0	0	0	0	0	0	0
15.614	20.92	169.27	0.023	0.191	0.151	0.09	0.12069	0.4304	0	0	0	0	0	0	0	0.92685	1.0933	0.84772	1	0	0	0	0	0	0	0	1	0	1	0.11186	0.13195	0	0	0	0	0.41409	0.41962	0	1	1	0.12069	0.4304	0.99896	0.063426	0.4315	0.98868	0.421	0.421	0	0	0	0	0	1	1	0.11186	0.41409	0.99834	0.0618	0.41442	0.98457	0.421	0.421	0	0	0	0	0	1	1	0.13195	0.41962	0.99761	0.07623	0.42445	0.9802	0.421	0.421	0	0	0	0	0	0	0	0	0	0	0	0	0	0	0	0	0	0	0	0	0	0	0	0	0	0	0	0	0	0	0	0	0	0	0	0	0
9.044	21.309	176.8	0.312	1.177	0.338	1.501	0.17539	0.42721	0	0	0	0	0	0	0	0.89099	0.95526	0.93272	0	0	0	0	0	0	0	0	2	1	0	0.15627	0.16754	0	0	0	0	0.41091	0.4708	0	1	2	0.30081	0.45583	0.93999	0.17539	0.42721	0.99929	0.391	0.511	0	0	0	0	0	1	1	0.15627	0.41091	0.99717	0.081552	0.41421	0.99273	0.421	0.421	0	0	0	0	0	1	1	0.16754	0.4708	0.98608	0.095383	0.47082	0.98634	0.481	0.481	0	0	0	0	0	0	0	0	0	0	0	0	0	0	0	0	0	0	0	0	0	0	0	0	0	0	0	0	0	1	0	0	0	0	0	0	0
4.793	21.601	167.58	0.179	0.796	0.286	0.888	0	0	0	0	0	0	0	0	0	0	0	0	0	0	0	0	0	0	0	0	1	0	0	0	0.22665	0	0	0	0	0	0.54226	0	1	1	0.18136	0.38078	0.46587	0.098814	0.40902	0.12019	0.361	0.361	0	0	0	0	0	1	1	0.40615	0.59744	0.87958	0.19541	0.53329	0.96034	0.481	0.481	0	0	0	0	0	1	1	0.22665	0.54226	0.99356	0.022906	0.55193	-7.8884e+51	0.541	0.541	0	0	0	0	0	0	0	0	0	0	0	0	0	0	0	0	0	0	0	0	0	0	0	0	0	0	0	0	0	1	0	0	0	0	0	0	0
5.87	21.542	132.34	0.059	0.366	0.204	0.17	0.21407	0.39017	0	0	0	0	0	0	0	0	0.71288	0	0	0	0	0	0	0	0	0	1	0	1	0	0.15261	0	0	0	0	0	0.42037	0	1	1	0.21407	0.39017	0.98805	0.11687	0.39309	0.99899	0.391	0.391	0	0	0	0	0	1	1	0.25644	0.44465	0.97127	0.13228	0.43875	0.98648	0.421	0.421	0	0	0	0	0	1	1	0.15261	0.42037	0.99736	0.080208	0.42184	0.99485	0.421	0.421	0	0	0	0	0	0	0	0	0	0	0	0	0	0	0	0	0	0	0	0	0	0	0	0	0	0	0	0	0	1	0	0	0	0	0	0	0
8.023	21.584	71.087	0.04	0.372	0.136	0.248	0.11133	0.40278	0	0	0	0	0	0	0	1.0063	0	0	1	0	0	0	0	0	0	0	1	0	1	0.11203	0	0	0	0	0	0.38873	0	0	1	1	0.11133	0.40278	0.99875	0.060376	0.40236	0.98829	0.391	0.391	0	0	0	0	0	1	1	0.11203	0.38873	0.99911	0.057024	0.39	0.99091	0.391	0.391	0	0	0	0	0	1	1	0.11013	0.38727	0.72207	0.05427	0.38687	-5.5255e+50	0.391	0.391	0	0	0	0	0	0	0	0	0	0	0	0	0	0	0	0	0	0	0	0	0	0	0	0	0	0	0	0	0	1	0	0	0	0	0	0	0
7.495	21.755	54.898	0.131	0.523	0.318	0.242	0.17912	0.4061	0	0	0	0	0	0	0	0	0	0	0	0	0	0	0	0	0	0	2	1	0	0	0	0	0	0	0	0	0	0	1	2	0.27516	0.41678	0.82823	0.17912	0.4061	0.99525	0.33	0.511	0	0	0	0	0	1	1	0.16787	0.34163	0.90319	0.089541	0.34226	0.83714	0.33	0.33	0	0	0	0	0	1	1	0.16507	0.3601	0.97428	0.083682	0.35826	0.95905	0.33	0.33	0	0	0	0	0	0	0	0	0	0	0	0	0	0	0	0	0	0	0	0	0	0	0	0	0	0	0	0	0	1	0	0	0	0	0	0	0
3.741	21.754	153.9	0.097	0.485	0.253	0.69	0	0	0	0	0	0	0	0	0	0	0	0	0	0	0	0	0	0	0	0	2	0	0	0	0	0	0	0	0	0	0	0	1	2	0.16138	0.30682	-0.65612	0.36947	0.47626	0.59728	0.27	0.511	0	0	0	0	0	1	1	0.33868	0.3768	0.75439	0.21161	0.35974	0.8703	0.421	0.421	0	0	0	0	0	1	1	0.47422	0.61821	0.92914	0.062371	0.59981	0.75041	0.631	0.631	0	0	0	0	0	0	0	0	0	0	0	0	0	0	0	0	0	0	0	0	0	0	0	0	0	0	0	0	0	1	0	0	0	0	0	0	0
10.036	21.719	33.874	0.052	0.343	0.194	0.127	0.16434	0.37509	0	0	0	0	0	0	0	0.80744	0.93234	0.86603	0	0	0	0	0	0	0	0	1	0	1	0.1327	0.15322	0	0	0	0	0.358	0.37506	0	1	1	0.16434	0.37509	0.99828	0.090576	0.37379	0.99724	0.361	0.361	0	0	0	0	0	1	1	0.1327	0.358	0.99843	0.0712	0.35842	0.99505	0.361	0.361	0	0	0	0	0	1	1	0.15322	0.37506	0.99879	0.085112	0.37366	0.99585	0.361	0.361	0	0	0	0	0	0	0	0	0	0	0	0	0	0	0	0	0	0	0	0	0	0	0	0	0	0	0	0	0	1	0	0	0	0	0	0	0
13.998	21.851	32.846	0.021	0.212	0.125	0.073	0.098863	0.38663	0	0	0	0	0	1	0	0.95817	0.97986	0.97786	1	0	0	0	0	0	0	0	1	0	1	0.094728	0.096872	0	0	0	0	0.38587	0.39069	0	1	1	0.098863	0.38663	0.99948	0.051861	0.38822	0.98743	0.391	0.391	0	0	0	0	0	1	1	0.094728	0.38587	0.99956	0.050818	0.38733	-1.4452e+47	0.391	0.391	0	0	0	0	0	1	1	0.096872	0.39069	0.99976	0.050751	0.39103	0.98809	0.391	0.391	0	0	0	0	0	0	0	0	0	0	0	0	0	0	0	0	0	0	0	0	0	0	0	0	0	0	0	0	0	0	0	0	0	0	0	0	0
12.603	23.031	114.99	0.217	0.926	0.298	0.653	0.15056	0.38671	0	0	0	0	0	0	0	1.0946	0.8968	0.81927	0	0	0	0	0	0	0	0	2	1	0	0.16481	0.13502	0	0	0	0	0.39855	0.38744	0	1	2	0.24394	0.40084	0.94786	0.15056	0.38671	0.99956	0.33	0.451	0	0	0	0	0	1	1	0.16481	0.39855	0.99826	0.08871	0.39955	0.99283	0.391	0.391	0	0	0	0	0	1	1	0.13502	0.38744	0.99896	0.070049	0.38505	0.99149	0.391	0.391	0	0	0	0	0	0	0	0	0	0	0	0	0	0	0	0	0	0	0	0	0	0	0	0	0	0	0	0	0	0	0	0	0	0	0	0	0
8.459	22.949	46.032	0.103	0.532	0.246	0.315	0.13635	0.3869	0	0	0	0	0	0	0	0.99714	1.1389	0.87554	0	0	0	0	0	0	0	0	2	1	0	0.13596	0.15528	0	0	0	0	0.37346	0.39	0	1	2	0.20988	0.37944	0.91076	0.13635	0.3869	0.99975	0.33	0.451	0	0	0	0	0	1	1	0.13596	0.37346	0.99877	0.070785	0.37291	0.99551	0.361	0.361	0	0	0	0	0	1	1	0.15528	0.39	0.99811	0.08569	0.39198	0.99803	0.391	0.391	0	0	0	0	0	0	0	0	0	0	0	0	0	0	0	0	0	0	0	0	0	0	0	0	0	0	0	0	0	1	0	0	0	0	0	0	0
17.979	22.815	0	0.008	0.102	0.102	0.06	0.10361	0.38321	0	0	0	0	0	0	0	1.0075	1.0034	0.99586	1	0	0	0	0	0	0	0	1	0	1	0.10439	0.10396	0	0	0	0	0.37988	0.38436	0	1	1	0.10361	0.38321	0.99746	0.053465	0.38669	0.97849	0.391	0.391	0	0	0	0	0	1	1	0.10439	0.37988	0.99521	0.056222	0.38283	0.97637	0.391	0.391	0	0	0	0	0	1	1	0.10396	0.38436	0.9975	0.053566	0.38727	0.97796	0.391	0.391	0	0	0	0	0	0	0	0	0	0	0	0	0	0	0	0	0	0	0	0	0	0	0	0	0	0	0	0	0	0	0	0	0	0	0	0	0
0.045	22.905	90	0.014	0.169	0.102	0.06	0	0	0	0	0	0	0	0	0	0	0	0	1	0	0	0	0	0	0	0	1	0	0	0	0	0	0	0	0	0	0	0	1	1	0.090095	0.38633	0.97566	0.059589	0.36817	0.99207	0.391	0.391	0	0	0	0	0	1	1	0.089484	0.38362	0.9737	0.05673	0.36562	0.99254	0.391	0.391	0	0	0	0	0	1	1	0.093606	0.38986	0.9767	0.064128	0.3725	0.98862	0.391	0.391	0	0	0	0	0	0	0	0	0	0	0	0	0	0	0	0	0	0	0	0	0	0	0	0	0	0	0	0	0	1	1	0	0	0	0	0	0
5.143	23.518	150.04	0.444	2.031	0.278	2.248	0.17989	0.37333	0	0	0	0	0	0	0	1.1424	0.89411	0.78268	0	0	0	0	0	0	0	0	1	0	1	0.2055	0.16084	0	0	0	0	0.48385	0.42994	0	1	1	0.17989	0.37333	0.99781	0.095745	0.37713	0.9962	0.391	0.391	0	0	0	0	0	1	2	0.14715	0.38214	0.93247	0.2055	0.48385	0.99701	0.391	0.601	0	0	0	0	0	1	1	0.16084	0.42994	0.99929	0.089333	0.42888	0.98779	0.421	0.421	0	0	0	0	0	0	0	0	0	0	0	0	0	0	0	0	0	0	0	0	0	0	0	0	0	0	0	0	0	1	0	0	0	0	0	0	0
6.274	23.08	24.987	0.071	0.404	0.224	0.175	0.11628	0.37876	0	0	0	0	0	0	0	1.2617	1.4607	0.86378	0	0	0	0	0	0	0	0	2	1	0	0.14671	0.16985	0	0	0	0	0.40061	0.38213	0	1	2	0.1972	0.37533	0.97031	0.11628	0.37876	0.99974	0.33	0.421	0	0	0	0	0	1	1	0.14671	0.40061	0.99861	0.073341	0.39903	0.98856	0.391	0.391	0	0	0	0	0	1	1	0.16985	0.38213	0.99522	0.091977	0.38247	0.99704	0.391	0.391	0	0	0	0	0	0	0	0	0	0	0	0	0	0	0	0	0	0	0	0	0	0	0	0	0	0	0	0	0	1	0	0	0	0	0	0	0
18.821	23.937	120.33	0.071	0.397	0.229	0.157	0.20449	0.38951	0	0	0	0	0	0	0	0.80236	0.74522	0.92879	0	0	0	0	0	0	0	0	1	0	1	0.16407	0.15239	0	0	0	0	0.3921	0.40727	0	1	1	0.20449	0.38951	0.98338	0.039461	0.37814	0.91163	0.361	0.361	0	0	0	0	0	1	1	0.16407	0.3921	0.99919	0.087264	0.3904	0.98905	0.391	0.391	0	0	0	0	0	1	1	0.15239	0.40727	0.9988	0.082184	0.4035	0.98985	0.421	0.421	0	0	0	0	0	0	0	0	0	0	0	0	0	0	0	0	0	0	0	0	0	0	0	0	0	0	0	0	0	0	0	0	0	0	0	0	0
7.408	24	167.18	0.017	0.167	0.131	0.03	0.12112	0.41574	0	0	0	0	0	0	0	0.91845	1.0351	0.88732	1	0	0	0	0	0	0	0	1	0	1	0.11124	0.12537	0	0	0	0	0.41299	0.42376	0	1	1	0.12112	0.41574	0.99876	0.064782	0.41362	0.9841	0.421	0.421	0	0	0	0	0	1	1	0.11124	0.41299	0.99729	0.063477	0.41252	0.98249	0.421	0.421	0	0	0	0	0	1	1	0.12537	0.42376	0.9988	0.064966	0.42487	0.98444	0.421	0.421	0	0	0	0	0	0	0	0	0	0	0	0	0	0	0	0	0	0	0	0	0	0	0	0	0	0	0	0	0	0	0	0	0	0	0	0	0
7.321	25.248	93.106	0.29	1.235	0.299	1.751	0.16556	0.316	0	0	0	0	0	0	0	0	1.0154	0	0	0	0	0	0	0	0	0	1	0	1	0	0.16812	0	0	0	0	0	0.44064	0	1	1	0.16556	0.316	0.99585	0.089552	0.31785	0.99263	0.33	0.33	0	0	0	0	0	1	1	0.23332	0.52724	0.97686	0.12183	0.5268	0.95144	0.541	0.541	0	0	0	0	0	1	1	0.16812	0.44064	0.98597	0.086163	0.44222	0.96864	0.421	0.421	0	0	0	0	0	0	0	0	0	0	0	0	0	0	0	0	0	0	0	0	0	0	0	0	0	0	0	0	0	0	0	0	0	0	0	0	0
20.065	26.019	123.74	0.374	2.084	0.228	1.918	0	0	0	0	0	0	0	0	0	0	0	0.86128	0	0	0	0	0	0	0	0	1	0	0	0.13272	0.11431	0	0	0	0	0.38496	0.34983	0	1	1	0.18743	0.45651	0.96586	0.11078	0.45223	0.99408	0.481	0.481	0	0	0	0	0	1	1	0.13272	0.38496	0.9996	0.06962	0.3849	0.97944	0.391	0.391	0	0	0	0	0	1	1	0.11431	0.34983	0.9987	0.060834	0.35042	0.99503	0.361	0.361	0	0	0	0	0	0	0	0	0	0	0	0	0	0	0	0	0	0	0	0	0	0	0	0	0	0	0	0	0	0	0	0	0	0	0	0	0
15.623	25.402	77.179	0.017	0.167	0.131	0	0.12008	0.38408	0	0	0	0	0	0	0	1.0201	0.99193	0.97242	1	0	0	0	0	0	0	0	1	0	1	0.12249	0.11911	0	0	0	0	0.40084	0.40145	0	1	1	0.12008	0.38408	0.99919	0.064725	0.38442	0.98972	0.391	0.391	0	0	0	0	0	1	1	0.12249	0.40084	0.99962	0.065396	0.40081	0.99215	0.391	0.391	0	0	0	0	0	1	1	0.11911	0.40145	0.99763	0.066893	0.39864	0.99491	0.391	0.391	0	0	0	0	0	0	0	0	0	0	0	0	0	0	0	0	0	0	0	0	0	0	0	0	0	0	0	0	0	0	0	0	0	0	0	0	0
7.636	26.677	104.46	0.143	0.653	0.28	0.911	0	0	0	0	0	0	0	0	0	0	0	0.74964	0	0	0	0	0	0	0	0	1	0	0	0.15184	0.20255	0	0	0	0	0.43338	0.40988	0	1	1	0.25714	0.35272	0.9327	0.14439	0.3573	0.9792	0.33	0.33	0	0	0	0	0	1	1	0.15184	0.43338	0.99958	0.082532	0.43252	0.99377	0.421	0.421	0	0	0	0	0	1	1	0.20255	0.40988	0.987	0.11584	0.40267	0.96666	0.421	0.421	0	0	0	0	0	0	0	0	0	0	0	0	0	0	0	0	0	0	0	0	0	0	0	0	0	0	0	0	0	0	0	0	0	0	0	0	0
