 	x	1	2	3	4	5	6	7	8	9	10	11	12	13	14	15	16	17	18	19	20	21	22	23	24	25	26	27	28	29	30	31	32	33	34	35	36	37	38	39	40	41	42	43	44	45
1	0.030	0.000	0.000	0.000	70.852	0.000	0.000	0.000	0.000	0.000	0.000	0.000	0.000	0.000	0.000	0.000	7.399	0.000	0.000	0.000	0.000	0.000	0.000	0.000	0.000	30.804	0.000	0.000	23.259	0.000	0.000	0.000	0.000	0.000	18.006	0.000	0.000	7.945	0.000	0.000	0.000	0.000	0.000	0.000	0.000	0.000
2	0.059	0.000	0.000	0.000	59.928	0.000	0.000	0.000	0.000	0.000	0.000	0.000	0.000	0.000	0.000	0.000	13.430	0.426	0.000	0.000	0.000	0.000	0.000	0.000	0.000	26.463	0.000	0.000	22.406	0.000	0.000	0.000	0.000	0.000	25.343	0.000	0.190	5.513	0.000	0.000	0.000	0.000	0.000	0.000	0.000	0.000
3	0.089	0.000	0.000	0.000	44.279	0.000	0.000	0.000	0.000	0.000	0.000	0.000	0.000	0.000	0.000	0.000	19.308	2.186	0.000	0.000	0.000	0.000	0.000	0.000	0.000	20.826	0.000	0.000	20.615	0.000	0.000	0.000	0.000	0.000	34.632	0.000	0.148	0.286	0.000	0.000	0.000	0.000	0.000	0.000	0.000	0.000
4	0.118	0.000	0.000	0.000	27.745	0.000	0.000	0.000	0.000	0.000	0.000	0.000	0.000	0.000	0.000	0.000	28.231	6.360	0.000	0.000	0.000	0.000	0.000	0.000	1.519	13.700	0.000	0.000	19.282	0.000	0.000	2.378	0.000	0.000	42.725	0.000	0.277	0.000	0.000	0.000	0.000	0.043	0.000	0.000	0.000	0.000
5	0.148	0.000	0.000	0.000	14.299	0.000	0.000	0.000	0.000	0.000	0.000	0.000	2.006	0.000	0.000	0.000	40.190	15.651	0.000	0.000	0.000	0.000	0.000	0.000	9.037	8.130	0.000	0.000	16.782	0.000	0.000	9.841	0.000	0.000	54.349	0.000	0.708	0.000	0.000	0.000	0.000	3.963	0.000	0.000	0.000	0.000
6	0.177	0.000	0.000	0.000	1.248	1.827	0.265	0.000	0.000	0.000	0.000	0.000	7.232	0.000	0.000	0.000	51.704	26.763	0.000	0.000	0.000	0.000	0.000	0.000	17.431	4.785	2.459	0.000	15.720	0.000	0.000	12.492	0.000	0.000	65.916	0.000	0.943	0.120	0.000	0.000	0.000	12.090	0.000	0.000	0.000	0.000
7	0.207	0.000	0.000	0.000	0.000	15.544	9.415	0.000	0.000	2.049	0.000	0.080	17.085	0.181	0.000	3.858	56.492	39.612	0.000	0.000	0.000	0.000	0.000	0.000	30.769	1.692	13.474	0.000	12.209	0.653	0.000	16.467	0.000	0.487	73.525	0.000	1.158	4.826	0.000	0.000	0.000	22.543	0.000	0.298	0.088	0.000
8	0.236	0.000	0.000	2.309	0.035	28.740	29.288	0.012	0.000	9.496	0.066	2.736	33.798	7.523	0.095	11.360	52.703	51.206	0.000	0.000	0.000	0.000	0.000	0.000	45.966	0.426	21.224	0.000	19.299	9.661	0.858	21.876	1.402	10.262	74.947	0.012	1.605	13.677	0.253	0.000	0.329	37.110	0.419	4.504	4.429	0.000
9	0.266	0.050	0.000	8.895	2.376	46.728	53.142	3.702	0.000	16.576	2.704	5.687	50.423	14.427	2.789	20.712	42.254	58.840	0.000	0.130	0.000	0.000	2.879	0.000	57.113	5.892	25.288	11.300	22.536	23.542	4.265	26.552	19.055	14.166	71.869	1.325	4.885	25.932	2.295	0.000	5.547	51.700	3.945	8.571	13.318	0.000
10	0.295	3.560	2.000	16.280	10.388	65.248	78.408	12.343	0.000	26.736	9.667	12.196	60.273	22.902	6.883	33.901	29.094	63.454	0.379	1.917	0.000	0.000	9.398	1.400	64.083	9.015	28.898	14.600	23.541	34.243	8.298	28.780	26.704	14.815	65.846	4.397	8.541	39.114	3.781	2.400	12.197	59.850	15.817	15.997	26.030	4.100
11	0.325	11.825	12.000	27.268	18.564	78.993	97.263	21.927	3.000	38.529	20.841	25.586	62.423	34.513	13.582	46.497	17.303	68.669	11.563	6.952	1.389	0.000	17.221	7.800	68.073	12.109	32.492	20.600	25.439	46.116	12.175	29.036	38.832	15.451	57.286	7.620	12.472	47.304	6.231	7.500	22.959	58.835	34.642	26.675	42.692	8.900
12	0.354	33.910	36.600	38.693	30.981	86.855	107.639	35.309	23.000	47.808	35.582	41.303	61.196	45.300	26.613	54.789	8.889	72.812	21.976	15.326	9.651	0.864	31.900	22.200	71.484	15.653	35.022	25.400	28.341	54.567	18.193	28.190	55.709	15.549	45.554	10.136	20.989	49.864	9.910	18.100	38.310	51.227	49.364	35.371	59.105	17.200
13	0.384	62.873	45.900	46.424	43.888	90.195	111.688	47.658	51.600	51.855	47.476	49.018	54.671	51.348	41.585	58.279	3.248	71.982	36.874	23.147	21.008	3.486	49.553	37.200	74.886	18.236	35.681	26.200	30.062	54.188	23.618	26.665	70.764	15.884	31.833	11.508	32.179	50.917	13.394	30.200	52.437	42.484	49.109	38.117	70.466	27.600
14	0.413	65.693	19.600	48.413	52.089	86.461	112.046	53.831	45.700	49.977	49.578	43.175	40.604	53.418	48.886	58.488	0.155	65.475	49.219	22.802	37.099	12.762	59.481	55.100	78.017	19.522	34.052	23.100	29.982	45.350	24.895	25.030	73.576	15.599	19.845	11.846	40.214	53.890	14.095	34.400	57.248	35.948	34.241	37.510	72.435	32.800
15	0.443	31.552	0.000	44.893	52.530	72.756	106.565	51.799	19.500	40.435	38.726	27.162	23.495	53.144	42.598	55.387	0.549	57.979	54.197	15.183	51.914	25.617	54.470	68.000	77.915	20.296	29.755	19.200	28.993	33.024	21.449	23.200	61.339	14.045	9.586	11.224	39.107	57.914	11.651	27.000	49.961	34.479	16.568	37.304	62.554	21.800
16	0.472	19.508	0.000	35.161	45.558	51.760	90.576	41.448	5.800	27.047	22.436	11.320	11.070	49.121	28.271	46.260	4.462	53.392	52.870	6.689	60.834	43.102	36.124	72.800	72.557	20.145	24.854	16.600	28.131	23.223	15.857	21.195	42.180	12.288	13.519	10.068	29.749	58.514	8.328	14.300	34.542	38.380	6.295	35.859	44.195	0.000
17	0.502	0.000	0.000	22.718	32.244	31.462	63.925	26.628	1.700	15.500	10.024	3.684	4.254	38.559	15.960	31.753	12.338	48.920	45.920	2.612	63.642	56.836	16.426	73.100	60.875	18.971	22.584	15.800	26.561	14.176	12.146	20.024	25.740	11.040	20.587	7.940	18.385	49.696	4.506	6.300	19.357	45.942	2.044	29.072	25.013	0.000
18	0.531	0.000	0.000	13.258	17.838	18.298	35.624	13.854	0.000	8.684	3.116	1.058	0.327	24.572	8.676	18.353	23.914	39.630	32.861	0.489	61.506	62.568	5.640	73.200	44.474	17.027	22.893	0.000	24.279	1.871	10.696	14.336	15.648	10.950	29.013	2.883	10.727	34.199	1.168	0.000	10.081	53.136	0.208	18.037	12.609	0.000
19	0.561	0.000	0.000	7.292	7.812	4.922	8.242	5.298	0.000	1.973	0.026	0.032	0.000	12.929	4.401	9.889	36.134	25.758	18.642	0.000	52.510	62.470	1.411	73.700	27.981	14.136	18.382	0.000	4.862	0.000	10.124	10.261	1.621	5.983	37.988	0.000	6.930	19.319	0.000	0.000	4.182	53.102	0.000	8.844	3.742	0.000
20	0.590	0.000	0.000	0.700	1.624	0.000	0.000	0.507	0.000	0.000	0.000	0.000	0.000	5.661	0.236	3.772	46.601	13.308	9.261	0.000	38.008	57.808	0.028	69.800	15.595	8.462	18.799	0.000	0.000	0.000	5.495	14.438	0.000	0.000	46.276	0.000	2.287	11.063	0.074	0.000	0.054	42.825	0.000	3.355	0.000	0.000
21	0.620	0.000	0.000	0.000	0.000	0.000	0.000	0.000	0.000	0.000	0.000	0.000	0.000	0.403	0.000	0.199	51.334	1.614	0.154	0.000	22.637	46.735	0.000	60.200	6.367	0.641	19.235	0.000	0.152	0.000	7.697	19.896	0.799	0.000	53.623	0.009	0.013	3.909	0.743	0.000	0.000	26.475	0.000	0.192	0.000	0.000
22	0.649	0.000	0.000	0.000	0.000	0.018	0.000	0.000	0.000	0.000	0.000	0.000	0.000	0.000	0.000	0.000	48.332	0.000	0.000	0.000	10.157	31.161	0.000	48.100	0.037	0.000	20.816	0.000	17.626	0.000	11.640	21.782	8.328	0.000	59.047	1.408	0.000	0.000	3.006	0.000	0.000	12.666	0.000	0.000	0.000	0.000
23	0.679	0.000	0.000	0.000	0.000	4.795	0.000	0.000	0.000	0.000	0.000	0.000	0.000	0.000	0.000	0.000	38.620	0.000	0.000	0.000	1.390	16.810	0.000	40.200	0.000	0.000	25.116	0.000	27.585	0.000	15.824	23.474	16.249	0.000	62.448	7.687	0.000	0.000	10.704	0.000	0.000	5.081	0.000	0.000	0.743	0.000
24	0.708	0.000	0.000	0.000	0.000	13.664	0.000	0.000	0.000	0.000	0.000	0.000	0.000	0.000	0.258	0.000	25.326	0.000	0.000	0.000	0.000	5.729	0.000	31.600	0.000	2.116	28.436	0.000	36.082	0.000	19.390	24.383	24.051	4.644	64.586	18.191	0.000	0.000	25.284	0.000	0.000	0.817	0.041	0.000	0.812	0.000
25	0.738	0.000	0.000	0.000	0.000	26.155	0.000	0.000	0.000	0.000	0.000	0.000	0.000	0.000	2.095	0.000	12.859	0.000	0.000	0.000	0.000	0.151	0.000	35.500	0.000	10.337	28.229	17.900	45.084	0.450	22.089	24.778	31.537	19.499	66.583	31.201	0.000	0.000	38.868	0.000	0.000	0.000	0.710	0.000	0.529	0.000
26	0.767	0.000	0.000	0.000	0.000	42.456	0.000	0.000	0.000	0.000	0.000	0.000	0.000	0.000	5.558	0.000	0.000	0.000	0.000	0.000	0.000	0.000	0.000	38.100	0.000	22.717	25.835	20.600	51.024	0.000	23.397	25.081	39.530	30.416	68.243	42.559	0.000	0.000	43.208	0.000	0.000	0.000	0.797	0.000	0.210	0.000
27	0.797	0.000	0.000	0.000	0.000	0.000	0.000	0.000	0.000	0.000	0.000	0.000	0.000	0.000	9.667	0.000	0.000	0.000	0.000	0.000	0.000	0.000	0.000	43.100	0.000	0.000	0.000	0.000	0.000	0.000	0.000	0.000	47.800	0.000	0.000	48.022	0.000	0.000	0.000	0.000	0.000	0.000	0.000	0.000	0.000	0.000
