13.002	0.324	87.879	0.166	0.621	0.34	0.234	0.15936	0.38559	0	0	0	0	0	0	0	0	0	0	0	0	0	0	0	0	0	0	2	1	0	0	0	0	0	0	0	0	0	0	1	2	0.2924	0.39891	0.92467	0.15936	0.38559	0.95994	0.293	0.381	0	0	0	0	0	1	1	0.21777	0.3928	0.97658	0.013969	0.39834	0.89554	0.41	0.41	0	0	0	0	0	1	1	0.21096	0.33328	0.9547	0.086828	0.31743	0.96094	0.293	0.293	0	0	0	0	0	0	0	0	0	0	0	0	0	0	0	0	0	0	0	0	0	0	0	0	0	0	0	0	0	0	1	10.699	1	0	0	14.606	0
12.788	3.18	71.215	0.6	2.198	0.348	2.008	0	0	0	0	0	0	0	0	0	0	0	0	0	0	0	0	0	0	0	0	1	0	0	0	0.15913	0	0	0	0	0	0.34787	0	1	1	0.2174	0.3729	0.97708	0.077038	0.35841	0.93148	0.352	0.352	0	0	0	0	0	1	1	0.21485	0.44203	0.97784	0.06132	0.43592	0.91556	0.41	0.41	0	0	0	0	0	1	1	0.15913	0.34787	0.9965	0.084897	0.34567	0.98714	0.352	0.352	0	0	0	0	0	0	0	0	0	0	0	0	0	0	0	0	0	0	0	0	0	0	0	0	0	0	0	0	0	0	0	7.9227	1	0	0	12.25	0
0.525	5.074	102.11	0.106	0.498	0.272	0.188	0	0	0	0	0	0	0	0	0	0	0	0.9166	0	0	0	0	0	0	0	0	1	0	0	0.16211	0.17686	0	0	0	0	0.38587	0.39493	0	1	1	0.2162	0.39549	0.97204	0.070721	0.38131	0.92206	0.352	0.352	0	0	0	0	0	1	1	0.16211	0.38587	0.99474	0.092297	0.38554	0.99941	0.41	0.41	0	0	0	0	0	1	1	0.17686	0.39493	0.98866	0.094434	0.39511	0.98939	0.41	0.41	0	0	0	0	0	0	0	0	0	0	0	0	0	0	0	0	0	0	0	0	0	0	0	0	0	0	0	0	0	0	0	5.629	1	0	0	11.298	0
12.04	5.708	65.569	0.084	0.364	0.294	0.317	0	0	0	0	0	0	0	0	0	0	0	0.96494	0	0	0	0	0	0	0	0	1	0	0	0.19573	0.18887	0	0	0	0	0.38579	0.36742	0	1	1	0.2656	0.37849	0.94283	0.15452	0.38844	0.99314	0.322	0.322	0	0	0	0	0	1	1	0.19573	0.38579	0.98545	0.10904	0.38774	0.99586	0.381	0.381	0	0	0	0	0	1	1	0.18887	0.36742	0.99254	0.010405	0.36544	0.92369	0.381	0.381	0	0	0	0	0	0	0	0	0	0	0	0	0	0	0	0	0	0	0	0	0	0	0	0	0	0	0	0	0	0	0	7.898	1	0	0	12.898	0
1.897	6.147	164.57	0.568	2.046	0.354	1.771	0	0	0	0	0	0	0	0	0	0	0	0.83822	0	0	0	0	0	0	0	0	1	0	0	0.16702	0.19926	0	0	0	0	0.39861	0.32704	0	1	1	0.24972	0.48881	0.96582	0.14525	0.47464	0.9968	0.498	0.498	0	0	0	0	0	1	1	0.16702	0.39861	0.98608	0.096677	0.40196	0.98247	0.381	0.381	0	0	0	0	0	1	1	0.19926	0.32704	0.98273	0.10476	0.31278	0.99574	0.264	0.264	0	0	0	0	0	0	0	0	0	0	0	0	0	0	0	0	0	0	0	0	0	0	0	0	0	0	0	0	0	0	0	5.5589	1	0	0	12.569	0
11.395	6.423	79.3	0.133	0.542	0.312	0.317	0.15711	0.38768	0	0	0	0	0	0	0	0	1.2291	0	0	0	0	0	0	0	0	0	2	1	0	0	0.1931	0	0	0	0	0	0.40377	0	1	2	0.26359	0.37904	0.94225	0.15711	0.38768	0.99751	0.322	0.439	0	0	0	0	0	1	1	0.2114	0.41325	0.96926	0.11707	0.40807	0.99355	0.439	0.439	0	0	0	0	0	1	1	0.1931	0.40377	0.98832	0.10596	0.41556	0.99662	0.469	0.469	0	0	0	0	0	0	0	0	0	0	0	0	0	0	0	0	0	0	0	0	0	0	0	0	0	0	0	0	0	0	0	9.7355	1	0	0	12.168	0
6.478	7.58	121.61	0.987	1.869	0.673	4.012	0.15837	0.24762	0	0	0	0	0	0	0	0	1.5813	0	0	0	0	0	0	0	0	0	2	1	0	0	0.25043	0	0	0	0	0	0.43938	0	1	2	0.29336	0.2375	0.95778	0.15837	0.24762	0.99903	0.176	0.322	0	0	0	0	0	1	1	0.2553	0.645	0.91709	0.0075444	0.64123	0.73377	0.645	0.645	0	0	0	0	0	1	1	0.25043	0.43938	0.98968	0.13733	0.43987	0.97917	0.439	0.439	0	0	0	0	0	0	0	0	0	0	0	0	0	0	0	0	0	0	0	0	0	0	0	0	0	0	0	0	0	0	0	5.6843	1	0	0	10.524	0
2.275	7.091	133.24	0.306	0.881	0.441	0.432	0.21031	0.40522	0	0	0	0	0	0	0	1.1283	0.58834	0.52143	0	0	0	0	0	0	0	0	2	1	0	0.23729	0.12373	0	0	0	0	0.37582	0.46489	0	1	2	0.38628	0.40316	0.91008	0.21031	0.40522	0.98141	0.322	0.439	0	0	0	0	0	1	1	0.23729	0.37582	0.98674	0.017842	0.37111	0.89517	0.41	0.41	0	0	0	0	0	1	2	0.20486	0.43989	0.98976	0.12373	0.46489	0.99214	0.41	0.498	0	0	0	0	0	0	0	0	0	0	0	0	0	0	0	0	0	0	0	0	0	0	0	0	0	0	0	0	0	0	0	14.506	1	0	0	9.9972	0
29.698	6.936	17.661	0.142	0.729	0.247	0.529	0	0	0	0	0	0	0	0	0	0	0	0.54863	0	0	0	0	0	0	0	0	1	0	0	0.096217	0.17538	0	0	0	0	0.29017	0.39633	0	1	1	0.21992	0.38251	0.9641	0.12634	0.37882	0.98208	0.41	0.41	0	0	0	0	0	1	2	0.11027	0.33164	0.97642	0.096217	0.29017	0.98161	0.234	0.322	0	0	0	0	0	1	1	0.17538	0.39633	0.98208	0.019769	0.39128	-5.1341e+51	0.381	0.381	0	0	0	0	0	0	0	0	0	0	0	0	0	0	0	0	0	0	0	0	0	0	0	0	0	0	0	0	0	0	1	2.5697	0	0	0	5.6182	0
28.941	7.271	43.251	0.235	0.724	0.413	0.354	0.22273	0.36403	0	0	0	0	0	0	0	0	0	0	0	0	0	0	0	0	0	0	2	1	0	0	0	0	0	0	0	0	0	0	1	2	0.40015	0.3669	0.8867	0.22273	0.36403	0.98386	0.293	0.41	0	0	0	0	0	1	1	0.21373	0.43796	0.97751	0.11702	0.44194	0.99666	0.439	0.439	0	0	0	0	0	1	1	0.26211	0.44347	0.94996	0.14543	0.43397	0.99488	0.469	0.469	0	0	0	0	0	0	0	0	0	0	0	0	0	0	0	0	0	0	0	0	0	0	0	0	0	0	0	0	0	0	0	6.1387	1	0	0	13.891	0
9.289	11.303	141.84	5.173	9.099	0.724	14.006	0	0	0	0	0	0	0	0	0	0	0	0.55163	0	0	0	0	0	0	0	0	0	0	0	0.26596	0.14671	0	0	0	0	0.23748	0.45184	0	1	4	0	0	0	0	0	0	0	0	0.059	0.088	0.2635	0.571	0	1	1	0.26596	0.23748	0.98475	0.13499	0.24186	0.94701	0.234	0.234	0	0	0	0	0	1	2	0.24885	0.44284	0.95075	0.14671	0.45184	0.9995	0.381	0.527	0	0	0	0	0	0	0	0	0	0	0	0	0	0	0	0	0	0	0	0	0	0	0	0	0	0	0	0	0	0	0	5.5277	1	0	0	12.348	0
26.793	11.701	34.192	0.263	0.788	0.425	0.483	0.17577	0.45192	0	0	0	0	0	0	0	1.0363	0	0	0	0	0	0	0	0	0	0	2	1	0	0.18214	0	0	0	0	0	0.36671	0	0	1	2	0.28812	0.40738	0.916	0.17577	0.45192	0.98097	0.381	0.527	0	0	0	0	0	1	1	0.18214	0.36671	0.99125	0.095392	0.36444	0.97955	0.381	0.381	0	0	0	0	0	1	1	0.2756	0.42862	0.91824	0.14904	0.43975	0.99112	0.498	0.498	0	0	0	0	0	0	0	0	0	0	0	0	0	0	0	0	0	0	0	0	0	0	0	0	0	0	0	0	0	0	0	4.3987	1	0	0	13.105	0
12.081	12.464	133.08	0.209	0.745	0.356	0.695	0	0	0	0	0	0	0	0	0	0	0	0.8417	0	0	0	0	0	0	0	0	1	0	0	0.23021	0.19376	0	0	0	0	0.28885	0.39063	0	1	1	0.34974	0.41539	0.91423	0.087216	0.44034	0.87558	0.469	0.469	0	0	0	0	0	1	2	0.38795	0.28887	0.9091	0.23021	0.28885	0.95776	0.117	0.293	0	0	0	0	0	1	1	0.19376	0.39063	0.98413	0.10865	0.38973	0.99725	0.381	0.381	0	0	0	0	0	0	0	0	0	0	0	0	0	0	0	0	0	0	0	0	0	0	0	0	0	0	0	0	0	0	0	7.6461	1	0	0	21.872	0
9.56	12.474	29.41	0.191	0.535	0.454	0.059	0	0	0	0	0	0	0	0	0	0	0	0	0	0	0	0	0	0	0	0	1	0	0	0.1636	0	0	0	0	0	0.3492	0	0	1	1	0.41714	0.37046	0.92727	0.2242	0.3689	0.95459	0.381	0.381	0	0	0	0	0	1	2	0.28075	0.35867	0.88789	0.1636	0.3492	0.96382	0.264	0.439	0	0	0	0	0	1	1	0.26182	0.41096	0.9517	0.14591	0.40938	0.97407	0.439	0.439	0	0	0	0	0	0	0	0	0	0	0	0	0	0	0	0	0	0	0	0	0	0	0	0	0	0	0	0	0	0	0	4.0901	1	0	0	8.0631	0
11.617	12.409	0	0.008	0.099	0.099	0.059	0	0	0	0	0	0	0	0	0	0	0	0	1	0	0	0	0	0	0	0	2	0	0	0	0	0	0	0	0	0	0	0	1	2	0.17866	0.37276	0.39325	0.10014	0.36573	0.45343	0.293	0.381	0	0	0	0	0	1	2	0.20764	0.36848	0.51508	0.12073	0.36051	0.52969	0.293	0.381	0	0	0	0	0	1	1	0.16316	0.38743	0.21369	0.087577	0.3583	0.27397	0.381	0.381	0	0	0	0	0	0	0	0	0	0	0	0	0	0	0	0	0	0	0	0	0	0	0	0	0	0	0	0	0	0	0	2.3333	0	0	0	11.111	0
29.959	12.921	90	0.01	0.132	0.099	0.029	0	0	0	0	0	0	0	0	0	0	0	0	1	0	0	0	0	0	0	0	1	0	0	0	0	0	0	0	0	0	0	0	1	1	0.097838	0.36843	0.9319	0.07336	0.3611	0.97467	0.41	0.41	0	0	0	0	0	1	1	0.097347	0.36899	0.92597	0.074338	0.36102	0.96505	0.41	0.41	0	0	0	0	0	1	1	0.0971	0.36926	0.93175	0.073395	0.36063	0.9726	0.41	0.41	0	0	0	0	0	0	0	0	0	0	0	0	0	0	0	0	0	0	0	0	0	0	0	0	0	0	0	0	0	0	1	4.25	1	0	0	12.083	0
29.959	13.258	0	0.008	0.099	0.099	0.059	0.117	0.3515	0	0	0	0	0	0	0	1	1	1	1	0	0	0	0	0	0	0	2	1	0	0.117	0.117	0	0	0	0	0.3515	0.3515	0	1	2	0.14859	0.38942	0.83788	0.089589	0.37008	0.77397	0.293	0.41	0	0	0	0	0	1	2	0.14905	0.38801	0.83864	0.092205	0.36795	0.78267	0.293	0.41	0	0	0	0	0	1	2	0.14946	0.38653	0.83785	0.087102	0.39013	0.76977	0.293	0.41	0	0	0	0	0	0	0	0	0	0	0	0	0	0	0	0	0	0	0	0	0	0	0	0	0	0	0	0	0	0	1	6.6667	1	0	0	17.556	0
29.644	13.514	71.389	0.09	0.479	0.24	0.217	0.14989	0.44411	0	0	0	0	0	0	0	0	0.90756	0	0	0	0	0	0	0	0	0	2	1	0	0	0.13603	0	0	0	0	0	0.45275	0	1	2	0.26025	0.40338	0.85944	0.14989	0.44411	0.98962	0.381	0.527	0	0	0	0	0	1	3	0	0	0	0	0	0	0	0	0.117	0.088	0.4685	0.571	0	1	2	0.18847	0.39306	0.97833	0.13603	0.45275	0.99187	0.381	0.527	0	0	0	0	0	0	0	0	0	0	0	0	0	0	0	0	0	0	0	0	0	0	0	0	0	0	0	0	0	0	0	2.8095	0	0	0	12.067	0
23.713	13.536	8.291	0.107	0.461	0.297	0.188	0.14228	0.38386	0	0	0	0	0	0	0	0	1.4088	0	0	0	0	0	0	0	0	0	2	1	0	0	0.20044	0	0	0	0	0	0.40407	0	1	2	0.25312	0.39368	0.95193	0.14228	0.38386	0.98958	0.352	0.439	0	0	0	0	0	1	1	0.18078	0.38685	0.97132	0.10319	0.38626	0.97687	0.381	0.381	0	0	0	0	0	1	1	0.20044	0.40407	0.98965	0.064534	0.38252	0.94061	0.381	0.381	0	0	0	0	0	0	0	0	0	0	0	0	0	0	0	0	0	0	0	0	0	0	0	0	0	0	0	0	0	0	0	5.544	1	0	0	12.568	0
14.434	13.994	152.56	0.07	0.357	0.248	0.1	0	0	0	0	0	0	0	0	0	0	0	0	0	0	0	0	0	0	0	0	1	0	0	0.17522	0	0	0	0	0	0.39514	0	0	1	1	0.21441	0.39623	0.97119	0.060102	0.37985	0.93166	0.381	0.381	0	0	0	0	0	1	1	0.17522	0.39514	0.98875	0.094029	0.39792	0.97896	0.381	0.381	0	0	0	0	0	1	1	0.18845	0.41263	0.97463	0.097241	0.41022	0.96413	0.381	0.381	0	0	0	0	0	0	0	0	0	0	0	0	0	0	0	0	0	0	0	0	0	0	0	0	0	0	0	0	0	0	0	2.7037	0	0	0	10.136	0
29.871	14.049	0	0.008	0.099	0.099	0.059	0	0	0	0	0	0	0	0	0	0	0	0	1	0	0	0	0	0	0	0	0	0	0	0	0	0	0	0	0	0	0	0	1	3	0	0	0	0	0	0	0	0	0.146	0.264	0.366	0.571	0	1	3	0	0	0	0	0	0	0	0	0.146	0.264	0.366	0.571	0	1	4	0	0	0	0	0	0	0	0	0.059	0.235	0.3225	0.5565	0	0	0	0	0	0	0	0	0	0	0	0	0	0	0	0	0	0	0	0	0	0	0	0	0	0	0	1.7778	0	0	0	6.2222	0
12.048	14.346	10.254	0.135	0.435	0.394	0.071	0	0	0	0	0	0	0	0	0	0	0	0	0	0	0	0	0	0	0	0	1	0	0	0	0	0	0	0	0	0	0	0	1	1	0.34572	0.37721	0.94652	0.18545	0.38018	0.97672	0.41	0.41	0	0	0	0	0	1	1	0.19642	0.37312	0.68115	0.08597	0.37755	0.45145	0.381	0.381	0	0	0	0	0	1	1	0.26114	0.41784	0.95934	0.0020767	0.41407	0.87869	0.41	0.41	0	0	0	0	0	0	0	0	0	0	0	0	0	0	0	0	0	0	0	0	0	0	0	0	0	0	0	0	0	0	0	3.9554	1	0	0	9.6115	0
29.392	14.33	26.646	0.026	0.281	0.117	0.171	0	0	0	0	0	0	0	0	0	0	0	0	1	0	0	0	0	0	0	0	0	0	0	0	0	0	0	0	0	0	0	0	1	0	0	0	0	0	0	0	0	0	0	0	0	0	0	1	1	0.17042	0.38583	0.59553	0.11163	0.37895	0.3378	0.322	0.322	0	0	0	0	0	1	2	0.1997	0.41605	0.62789	0.1136	0.41512	0.37136	0.352	0.469	0	0	0	0	0	0	0	0	0	0	0	0	0	0	0	0	0	0	0	0	0	0	0	0	0	0	0	0	0	0	0	1.1333	0	0	0	3.0333	0
29.928	14.487	94.925	0.067	0.495	0.172	0.347	0	0	0	0	0	0	0	0	0	0	0	0	0	0	0	0	0	0	0	0	1	0	0	0	0	0	0	0	0	0	0	0	1	1	0.15969	0.39506	0.85371	0.092121	0.38295	0.91632	0.41	0.41	0	0	0	0	0	1	1	0.19867	0.38711	0.86767	0.11657	0.38265	0.95913	0.439	0.439	0	0	0	0	0	1	2	0.44419	0.16419	0.68114	0.26039	0.30141	0.63267	0.322	0.41	0	0	0	0	0	0	0	0	0	0	0	0	0	0	0	0	0	0	0	0	0	0	0	0	0	0	0	0	0	0	1	3.1026	0	0	0	9.8205	0
29.167	14.614	69.339	0.042	0.358	0.15	0.242	0	0	0	0	0	0	0	0	0	0	0	0	1	0	0	0	0	0	0	0	0	0	0	0	0	0	0	0	0	0	0	0	1	0	0	0	0	0	0	0	0	0	0	0	0	0	0	1	1	0.16307	0.41368	0.65143	0.083587	0.42083	0.42694	0.439	0.439	0	0	0	0	0	1	0	0	0	0	0	0	0	0	0	0	0	0	0	0	0	0	0	0	0	0	0	0	0	0	0	0	0	0	0	0	0	0	0	0	0	0	0	0	0	0	1.0612	0	0	0	4.3673	0
28.678	16.451	50.932	1.651	3.234	0.65	6.476	0.23183	0.43113	0	0	0	0	0	0	0	0	1.9056	0	0	0	0	0	0	0	0	0	2	1	0	0	0.44178	0	0	0	0	0	0.42411	0	1	2	0.48449	0.42845	0.8112	0.23183	0.43113	0.95891	0.322	0.498	0	0	0	0	0	1	1	0.27846	0.15398	0.85916	0.13255	0.21227	0.80518	0.146	0.146	0	0	0	0	0	1	2	0.2089	0.645	0.46314	0.44178	0.42411	0.93743	0.205	0.645	0	0	0	0	0	0	0	0	0	0	0	0	0	0	0	0	0	0	0	0	0	0	0	0	0	0	0	0	0	0	0	6.9324	1	0	0	18.851	0
17.517	14.804	3.03	0.076	0.408	0.239	0.146	0	0	0	0	0	0	0	0	0	0	0	0.58338	0	0	0	0	0	0	0	0	1	0	0	0.11199	0.19198	0	0	0	0	0.39809	0.377	0	1	1	0.19809	0.37984	0.97002	0.11456	0.38016	0.99857	0.352	0.352	0	0	0	0	0	1	2	0.18478	0.40147	0.97178	0.11199	0.39809	0.9834	0.352	0.439	0	0	0	0	0	1	1	0.19198	0.377	0.98014	0.073632	0.35952	0.95367	0.352	0.352	0	0	0	0	0	0	0	0	0	0	0	0	0	0	0	0	0	0	0	0	0	0	0	0	0	0	0	0	0	0	0	3.1461	0	0	0	9.2135	0
4.612	14.867	135	0.019	0.163	0.148	0	0.13216	0.41916	0	0	0	0	0	0	0	0.79655	1.0137	0.78579	1	0	0	0	0	0	0	0	1	0	1	0.10527	0.13397	0	0	0	0	0.40588	0.39908	0	1	1	0.13216	0.41916	0.98989	0.064101	0.42935	0.97945	0.439	0.439	0	0	0	0	0	1	1	0.10527	0.40588	0.99093	0.060392	0.40458	0.98175	0.41	0.41	0	0	0	0	0	1	1	0.13397	0.39908	0.99522	0.068406	0.40239	0.99214	0.41	0.41	0	0	0	0	0	0	0	0	0	0	0	0	0	0	0	0	0	0	0	0	0	0	0	0	0	0	0	0	0	0	0	0.13636	0	0	0	5	0
8.038	15.338	136.12	0.192	0.518	0.473	0.029	0.25272	0.44599	0	0	0	0	0	0	0	0	0	0	0	0	0	0	0	0	0	0	2	1	0	0	0	0	0	0	0	0	0	0	1	2	0.44623	0.36582	0.89202	0.25272	0.44599	0.97294	0.352	0.586	0	0	0	0	0	1	1	0.25509	0.40823	0.96891	0.15149	0.40636	0.93265	0.41	0.41	0	0	0	0	0	1	1	0.27144	0.42464	0.97559	0.15022	0.41815	0.95063	0.41	0.41	0	0	0	0	0	0	0	0	0	0	0	0	0	0	0	0	0	0	0	0	0	0	0	0	0	0	0	0	0	0	0	6.5045	1	0	0	14.067	0
18.315	16.492	135.93	1.325	3.617	0.466	5.641	0.28853	0.50074	0	0	0	0	0	0	0	0.64733	0	0	0	0	0	0	0	0	0	0	2	1	0	0.18677	0	0	0	0	0	0.24365	0	0	1	2	0.64	0.61653	0.50597	0.28853	0.50074	0.93696	0.381	0.645	0	0	0	0	0	1	2	0.32376	0.24684	0.96492	0.18677	0.24365	0.99733	0.176	0.293	0	0	0	0	0	1	1	0.22347	0.38994	0.80755	0.11027	0.41001	0.67061	0.439	0.439	0	0	0	0	0	0	0	0	0	0	0	0	0	0	0	0	0	0	0	0	0	0	0	0	0	0	0	0	0	0	0	5.5321	1	0	0	12.152	0
29.959	15.368	0	0.008	0.099	0.099	0.059	0	0	0	0	0	0	0	0	0	0	0	0	1	0	0	0	0	0	0	0	0	0	0	0	0	0	0	0	0	0	0	0	1	3	0	0	0	0	0	0	0	0	0.088	0.117	0.425	0.5275	0	1	3	0	0	0	0	0	0	0	0	0.088	0.117	0.425	0.5275	0	1	3	0	0	0	0	0	0	0	0	0.088	0.117	0.425	0.5275	0	0	0	0	0	0	0	0	0	0	0	0	0	0	0	0	0	0	0	0	0	0	0	0	0	0	1	3.6667	1	0	0	6	0
29.949	15.544	90	0.015	0.157	0.126	0.029	0.234	0.293	0	0	0	0	0	0	0	0	0	0	1	0	0	0	0	0	0	0	2	1	0	0	0	0	0	0	0	0	0	0	1	2	0.39378	0.146	-4.4452e+50	0.25293	0.27247	0.91799	0.176	0.41	0	0	0	0	0	1	3	0	0	0	0	0	0	0	0	0.147	0.058	0.2785	0.381	0	1	1	0.42418	0.146	0.35936	0.086921	0.37894	0.34531	0.41	0.41	0	0	0	0	0	0	0	0	0	0	0	0	0	0	0	0	0	0	0	0	0	0	0	0	0	0	0	0	0	0	1	2.8889	0	0	0	8.5	0
28.752	15.683	68.359	0.041	0.306	0.172	0.1	0.088	0.454	0	0	0	0	0	1	0	0	0	0	1	0	0	0	0	0	0	0	2	1	0	0	0	0	0	0	0	0	0	0	1	2	0.20223	0.4258	0.87123	0.10554	0.4617	0.8197	0.41	0.498	0	0	0	0	0	1	1	0.16289	0.43295	0.52954	0.076614	0.43487	0.22333	0.469	0.469	0	0	0	0	0	1	1	0.16214	0.3913	0.59266	0.10369	0.39959	0.32182	0.381	0.381	0	0	0	0	0	0	0	0	0	0	0	0	0	0	0	0	0	0	0	0	0	0	0	0	0	0	0	0	0	0	0	2.3958	0	0	0	6.8333	0
29.65	16.783	81.27	0.4	1.318	0.386	1.544	0	0	0	0	0	0	0	0	0	0	0	0	0	0	0	0	0	0	0	0	2	0	0	0.147	0	0	0	0	0	0.5125	0	0	1	2	0.18942	0.2264	0.70498	0.099181	0.24375	0.67318	0.205	0.703	0	0	0	0	0	1	2	0.32804	0.4378	0.84299	0.16354	0.44362	0.86857	0.439	0.586	0	0	0	0	0	1	1	0.42254	0.55467	0.95852	0.21171	0.53915	0.98695	0.586	0.586	0	0	0	0	0	0	0	0	0	0	0	0	0	0	0	0	0	0	0	0	0	0	0	0	0	0	0	0	0	0	1	10.109	1	0	0	19.863	0
8.666	16.149	134.22	0.061	0.368	0.211	0.124	0.16877	0.39222	0	0	0	0	0	0	0	0.85632	0.83793	0.97852	0	0	0	0	0	0	0	0	1	0	1	0.14452	0.14142	0	0	0	0	0.41951	0.39396	0	1	1	0.16877	0.39222	0.99584	0.089237	0.39404	0.98069	0.41	0.41	0	0	0	0	0	1	1	0.14452	0.41951	0.99711	0.080328	0.41526	0.98914	0.439	0.439	0	0	0	0	0	1	1	0.14142	0.39396	0.99535	0.074689	0.39673	0.98099	0.41	0.41	0	0	0	0	0	0	0	0	0	0	0	0	0	0	0	0	0	0	0	0	0	0	0	0	0	0	0	0	0	0	0	0.87324	0	0	0	3.0563	0
26.048	16.782	24.37	0.163	0.842	0.247	0.554	0	0	0	0	0	0	0	0	0	0	0	0.86075	0	0	0	0	0	0	0	0	1	0	0	0.15349	0.17832	0	0	0	0	0.36798	0.36254	0	1	1	0.21261	0.38588	0.97542	0.0065742	0.38853	0.87761	0.352	0.352	0	0	0	0	0	1	1	0.15349	0.36798	0.99332	0.085774	0.36633	0.99665	0.381	0.381	0	0	0	0	0	1	1	0.17832	0.36254	0.99218	0.056837	0.34848	0.9439	0.352	0.352	0	0	0	0	0	0	0	0	0	0	0	0	0	0	0	0	0	0	0	0	0	0	0	0	0	0	0	0	0	0	0	5.1263	1	0	0	11.126	0
20.89	17.042	92.298	0.157	0.897	0.223	0.593	0.18452	0.36735	0	0	0	0	0	0	0	0.86463	0.80898	0.93564	0	0	0	0	0	0	0	0	1	0	1	0.15954	0.14927	0	0	0	0	0.4289	0.42327	0	1	1	0.18452	0.36735	0.99673	0.095465	0.36698	0.99057	0.381	0.381	0	0	0	0	0	1	1	0.15954	0.4289	0.9861	0.087522	0.42405	0.9875	0.439	0.439	0	0	0	0	0	1	1	0.14927	0.42327	0.98471	0.079593	0.42461	0.98919	0.439	0.439	0	0	0	0	0	0	0	0	0	0	0	0	0	0	0	0	0	0	0	0	0	0	0	0	0	0	0	0	0	0	0	2.6503	0	0	0	9.2459	0
10.58	17.065	164.05	0.269	1.135	0.301	0.937	0.15046	0.33939	0	0	0	0	0	0	0	1.2158	0.92453	0.7604	0	0	0	0	0	0	0	0	2	1	0	0.18294	0.13911	0	0	0	0	0.47262	0.47638	0	1	2	0.2681	0.34464	0.97372	0.15046	0.33939	0.9897	0.293	0.381	0	0	0	0	0	1	1	0.18294	0.47262	0.99553	0.1013	0.47881	0.98061	0.498	0.498	0	0	0	0	0	1	2	0.23559	0.47683	0.91766	0.13911	0.47638	0.99388	0.41	0.527	0	0	0	0	0	0	0	0	0	0	0	0	0	0	0	0	0	0	0	0	0	0	0	0	0	0	0	0	0	0	0	1.1406	0	0	0	4.6709	0
29.948	16.845	135	0.013	0.137	0.12	1.544	0	0	0	0	0	0	0	0	0	0	0	0	1	0	0	0	0	0	0	0	1	0	0	0	0	0	0	0	0	0	0	0	1	1	0.16438	0.39076	0.73933	0.09731	0.39043	0.58745	0.439	0.439	0	0	0	0	0	1	1	0.16397	0.39147	0.64156	0.089159	0.39953	0.41537	0.439	0.439	0	0	0	0	0	1	1	0.13556	0.36487	0.79613	0.078903	0.36863	0.65918	0.352	0.352	0	0	0	0	0	0	0	0	0	0	0	0	0	0	0	0	0	0	0	0	0	0	0	0	0	0	0	0	0	0	1	37.733	1	0	0	9.3333	0
27.002	17.213	37.554	0.161	0.531	0.387	0.141	0	0	0	0	0	0	0	0	0	0	0	0	0	0	0	0	0	0	0	0	1	0	0	0.16122	0	0	0	0	0	0.39527	0	0	1	1	0.33727	0.38035	0.97571	0.17548	0.38339	0.90854	0.381	0.381	0	0	0	0	0	1	2	0.26551	0.41805	0.79221	0.16122	0.39527	0.94639	0.352	0.469	0	0	0	0	0	1	1	0.2443	0.3674	0.96797	0.13375	0.37065	0.98607	0.352	0.352	0	0	0	0	0	0	0	0	0	0	0	0	0	0	0	0	0	0	0	0	0	0	0	0	0	0	0	0	0	0	0	10.957	1	0	0	4.0213	0
28.91	17.58	94.419	0.26	0.908	0.365	0.735	0	0	0	0	0	0	0	0	0	0	0	0	0	0	0	0	0	0	0	0	0	0	0	0.25885	0	0	0	0	0	0.4124	0	0	1	4	0	0	0	0	0	0	0	0	0.176	0.146	0.205	0.542	0	1	2	0.53309	0.4035	0.93347	0.25885	0.4124	0.94159	0.381	0.527	0	0	0	0	0	1	3	0	0	0	0	0	0	0	0	0.088	0.117	0.249	0.3515	0	0	0	0	0	0	0	0	0	0	0	0	0	0	0	0	0	0	0	0	0	0	0	0	0	0	0	4.8185	1	0	0	16.558	0
29.959	17.272	90	0.018	0.231	0.099	0.117	0.24118	0.27287	0	0	0	0	0	0	0	1.0439	0.99698	0.95501	1	0	0	0	0	0	0	0	2	1	0	0.25177	0.24045	0	0	0	0	0.27189	0.27372	0	1	2	0.37479	0.14964	0.93146	0.24118	0.27287	0.98562	0.146	0.381	0	0	0	0	0	1	2	0.37896	0.146	0.91849	0.25177	0.27189	0.97069	0.146	0.41	0	0	0	0	0	1	2	0.35003	0.15067	0.93533	0.24045	0.27372	0.98848	0.146	0.381	0	0	0	0	0	0	0	0	0	0	0	0	0	0	0	0	0	0	0	0	0	0	0	0	0	0	0	0	0	0	1	8	1	0	0	14.905	0
28.375	17.926	90.43	0.463	1.114	0.529	2.12	0	0	0	0	0	0	0	0	0	0	0	0	0	0	0	0	0	0	0	0	0	0	0	0	0	0	0	0	0	0	0	0	1	3	0	0	0	0	0	0	0	0	0.058	0.059	0.205	0.2635	0	1	2	0.43385	0.41227	0.50406	0.18873	0.3934	0.63227	0.322	0.469	0	0	0	0	0	1	3	0	0	0	0	0	0	0	0	0.264	0.117	0.425	0.6155	0	0	0	0	0	0	0	0	0	0	0	0	0	0	0	0	0	0	0	0	0	0	0	0	0	0	0	6.5529	1	0	0	15.926	0
29.93	17.624	90	0.013	0.165	0.099	0.059	0.085271	0.37433	0	0	0	0	0	1	0	0	0	0	1	0	0	0	0	0	0	0	2	1	0	0	0	0	0	0	0	0	0	0	1	2	0.1298	0.37442	0.93661	0.085271	0.37433	0.97893	0.322	0.41	0	0	0	0	0	1	3	0	0	0	0	0	0	0	0	0.117	0.088	0.2635	0.366	0	1	1	0.12243	0.38624	0.92634	0.074472	0.38891	0.97565	0.41	0.41	0	0	0	0	0	0	0	0	0	0	0	0	0	0	0	0	0	0	0	0	0	0	0	0	0	0	0	0	0	0	1	3	0	0	0	10.067	0
27.925	17.778	61.943	0.057	0.365	0.198	0.183	0	0	0	0	0	0	0	0	0	0	0	0	0	0	0	0	0	0	0	0	2	0	0	0	0	0	0	0	0	0	0	0	1	2	0.20504	0.37155	0.46441	0.11645	0.38896	0.45732	0.352	0.674	0	0	0	0	0	1	1	0.64	0.52216	0.3671	0.27333	0.50833	0.58109	0.41	0.41	0	0	0	0	0	1	1	0.15435	0.3738	0.30515	0.088475	0.36989	0.28929	0.381	0.381	0	0	0	0	0	0	0	0	0	0	0	0	0	0	0	0	0	0	0	0	0	0	0	0	0	0	0	0	0	0	0	3.7424	1	0	0	17.364	0
20.227	17.925	143.24	0.179	0.518	0.439	0.041	0.23864	0.40181	0	0	0	0	0	0	0	0	0.57876	0	0	0	0	0	0	0	0	0	2	1	0	0	0.13812	0	0	0	0	0	0.37768	0	1	2	0.42983	0.37662	0.81272	0.23864	0.40181	0.97938	0.264	0.498	0	0	0	0	0	1	2	0.29922	0.38467	0.8311	0.13844	0.3905	0.65331	0.352	0.439	0	0	0	0	0	1	2	0.23004	0.38288	0.94136	0.13812	0.37768	0.99897	0.322	0.41	0	0	0	0	0	0	0	0	0	0	0	0	0	0	0	0	0	0	0	0	0	0	0	0	0	0	0	0	0	0	0	6.4952	1	0	0	10	0
21.573	18.809	95.583	0.628	1.402	0.57	2.003	0.29263	0.49806	0	0	0	0	0	0	0	0.42316	0.57011	0.74224	0	0	0	0	0	0	0	0	2	1	0	0.12383	0.16683	0	0	0	0	0.22057	0.22942	0	1	2	0.49264	0.62287	0.76484	0.29263	0.49806	0.98784	0.381	0.645	0	0	0	0	0	1	2	0.23564	0.23171	0.97547	0.12383	0.22057	0.99869	0.176	0.264	0	0	0	0	0	1	2	0.33578	0.21357	0.98517	0.16683	0.22942	0.99531	0.176	0.234	0	0	0	0	0	0	0	0	0	0	0	0	0	0	0	0	0	0	0	0	0	0	0	0	0	0	0	0	0	0	0	5.6047	1	0	0	13.804	0
29.36	18.243	69.775	0.195	0.773	0.321	0.89	0	0	0	0	0	0	0	0	0	0	0	0	0	0	0	0	0	0	0	0	0	0	0	0.15615	0	0	0	0	0	0.30894	0	0	1	3	0	0	0	0	0	0	0	0	0.146	0.176	0.337	0.498	0	1	2	0.27551	0.31994	0.90668	0.15615	0.30894	0.96924	0.234	0.322	0	0	0	0	0	1	3	0	0	0	0	0	0	0	0	0.117	0.147	0.3515	0.4835	0	0	0	0	0	0	0	0	0	0	0	0	0	0	0	0	0	0	0	0	0	0	0	0	0	0	0	3.4626	1	0	0	2.8062	0
19.621	18.807	114.59	0.498	1.975	0.321	1.756	0.13864	0.37645	0	0	0	0	0	0	0	0	2.1134	0	0	0	0	0	0	0	0	0	2	1	0	0	0.293	0	0	0	0	0	0.3225	0	1	2	0.23622	0.35507	0.96791	0.13864	0.37645	0.99533	0.322	0.41	0	0	0	0	0	1	1	0.15439	0.41202	0.66853	0.078721	0.41282	0.442	0.381	0.381	0	0	0	0	0	1	2	0.15411	0.17391	0.61913	0.30235	0.3231	0.9194	0.176	0.469	0	0	0	0	0	0	0	0	0	0	0	0	0	0	0	0	0	0	0	0	0	0	0	0	0	0	0	0	0	0	0	5.7534	1	0	0	10.326	0
26.808	18.727	87.027	0.393	1.364	0.367	1.142	0	0	0	0	0	0	0	0	0	0	0	0	0	0	0	0	0	0	0	0	1	0	0	0	0.058	0	0	0	0	0	0.381	0	1	1	0.3088	0.37697	0.96396	0.16736	0.37572	0.97124	0.381	0.381	0	0	0	0	0	1	1	0.53394	0.645	0.77386	0	0.645	0.78688	0.439	0.439	0	0	0	0	0	1	2	0.24662	0.3932	0.91933	0.13557	0.395	0.91251	0.352	0.41	0	0	0	0	0	0	0	0	0	0	0	0	0	0	0	0	0	0	0	0	0	0	0	0	0	0	0	0	0	0	0	2.8319	0	0	0	10.891	0
27.567	18.489	62.266	0.207	0.887	0.297	0.678	0.16282	0.35039	0	0	0	0	0	0	0	0	0	0	0	0	0	0	0	0	0	0	2	1	0	0	0	0	0	0	0	0	0	0	1	2	0.31812	0.34973	0.96539	0.16282	0.35039	0.92428	0.293	0.352	0	0	0	0	0	1	1	0.18355	0.35895	0.18961	0.10898	0.36154	0.46684	0.352	0.352	0	0	0	0	0	1	1	0.21806	0.37001	0.81892	0.11965	0.36484	0.673	0.381	0.381	0	0	0	0	0	0	0	0	0	0	0	0	0	0	0	0	0	0	0	0	0	0	0	0	0	0	0	0	0	0	0	2.1826	0	0	0	8.0788	0
9.898	19.014	94.835	0.499	1.554	0.409	1.386	0.25425	0.46869	0	0	0	0	0	0	0	0	0	0	0	0	0	0	0	0	0	0	2	1	0	0	0	0	0	0	0	0	0	0	1	2	0.40054	0.39796	0.81891	0.25425	0.46869	0.97456	0.381	0.527	0	0	0	0	0	1	1	0.21686	0.38299	0.94035	0.12032	0.38312	0.95066	0.439	0.439	0	0	0	0	0	1	1	0.25033	0.34546	0.9471	0.14075	0.34046	0.95586	0.352	0.352	0	0	0	0	0	0	0	0	0	0	0	0	0	0	0	0	0	0	0	0	0	0	0	0	0	0	0	0	0	0	0	5.389	1	0	0	14.069	0
11.068	20.122	68.09	0.871	3.809	0.291	3.786	0.18593	0.3338	0	0	0	0	0	0	0	0.97801	0	0	0	0	0	0	0	0	0	0	1	0	1	0.18184	0	0	0	0	0	0.44045	0	0	1	1	0.18593	0.3338	0.99034	0.099128	0.33283	0.99348	0.322	0.322	0	0	0	0	0	1	1	0.18184	0.44045	0.99132	0.098214	0.44541	0.99855	0.439	0.439	0	0	0	0	0	1	1	0.28509	0.1742	0.96483	0.11116	0.20158	0.93995	0.176	0.176	0	0	0	0	0	0	0	0	0	0	0	0	0	0	0	0	0	0	0	0	0	0	0	0	0	0	0	0	0	0	0	5.86	1	0	0	12.02	0
29.949	18.503	90	0.015	0.157	0.126	0.029	0	0	0	0	0	0	0	0	0	0	0	0	1	0	0	0	0	0	0	0	1	0	0	0	0	0	0	0	0	0	0	0	1	1	0.10434	0.39816	0.92711	0.072986	0.39054	0.97833	0.41	0.41	0	0	0	0	0	1	1	0.10351	0.39864	0.91578	0.074655	0.39049	0.95657	0.439	0.439	0	0	0	0	0	1	1	0.15422	0.36462	0.71587	0.083002	0.38626	0.93041	0.439	0.439	0	0	0	0	0	0	0	0	0	0	0	0	0	0	0	0	0	0	0	0	0	0	0	0	0	0	0	0	0	0	1	6.5556	1	0	0	16.889	0
20.505	19.026	92.657	0.495	1.096	0.575	0.995	0	0	0	0	0	0	0	0	0	0	0	0	0	0	0	0	0	0	0	0	0	0	0	0.25183	0	0	0	0	0	0.22494	0	0	1	3	0	0	0	0	0	0	0	0	0.293	0.176	0.2925	0.527	0	1	1	0.25183	0.22494	0.9864	0.12807	0.22717	0.98732	0.176	0.176	0	0	0	0	0	1	3	0	0	0	0	0	0	0	0	0.176	0.117	0.381	0.5275	0	0	0	0	0	0	0	0	0	0	0	0	0	0	0	0	0	0	0	0	0	0	0	0	0	0	0	4.4315	1	0	0	11.043	0
26.189	19.191	76.869	0.276	0.832	0.423	1.425	0	0	0	0	0	0	0	0	0	0	0	0	0	0	0	0	0	0	0	0	0	0	0	0	0	0	0	0	0	0	0	0	1	3	0	0	0	0	0	0	0	0	0.176	0.176	0.322	0.498	0	1	1	0.64	0.645	0.50544	0.28821	0.50089	0.68987	0.41	0.41	0	0	0	0	0	1	2	0.64	0.58526	-0.97306	0.19953	0.53111	-1.467	0.439	0.615	0	0	0	0	0	0	0	0	0	0	0	0	0	0	0	0	0	0	0	0	0	0	0	0	0	0	0	0	0	0	0	1.0714	0	0	0	3.087	0
29.728	18.747	119.47	0.022	0.199	0.143	0.041	0	0	0	0	0	0	0	0	0	0	0	0	1	0	0	0	0	0	0	0	2	0	0	0	0	0	0	0	0	0	0	0	1	2	0.21906	0.40941	0.53005	0.10784	0.39442	0.55116	0.41	0.703	0	0	0	0	0	1	1	0.57436	0.645	0.62166	0.24278	0.52361	0.76921	0.469	0.469	0	0	0	0	0	1	1	0.16998	0.40477	0.94911	0.090201	0.40626	0.95724	0.41	0.41	0	0	0	0	0	0	0	0	0	0	0	0	0	0	0	0	0	0	0	0	0	0	0	0	0	0	0	0	0	0	0	5.0385	1	0	0	12.231	0
13.404	18.851	133.62	0.083	0.343	0.309	0.071	0	0	0	0	0	0	0	0	0	0	0	0	0	0	0	0	0	0	0	0	1	0	0	0	0.19903	0	0	0	0	0	0.39187	0	1	1	0.27096	0.41272	0.96694	0.15369	0.41357	0.98499	0.439	0.439	0	0	0	0	0	1	1	0.21907	0.40366	0.97942	0.11749	0.40777	0.98972	0.439	0.439	0	0	0	0	0	1	1	0.19903	0.39187	0.98842	0.11394	0.39022	0.98098	0.41	0.41	0	0	0	0	0	0	0	0	0	0	0	0	0	0	0	0	0	0	0	0	0	0	0	0	0	0	0	0	0	0	0	2.299	0	0	0	8.6082	0
28.128	18.737	0	0.01	0.132	0.099	0.088	0	0	0	0	0	0	0	0	0	0	0	0	1	0	0	0	0	0	0	0	2	0	0	0	0	0	0	0	0	0	0	0	1	2	0.64	0.645	-0.25015	0.29384	0.29292	-0.5288	0.293	0.381	0	0	0	0	0	1	0	0	0	0	0	0	0	0	0	0	0	0	0	0	1	3	0	0	0	0	0	0	0	0	0.088	0.088	0.337	0.425	0	0	0	0	0	0	0	0	0	0	0	0	0	0	0	0	0	0	0	0	0	0	0	0	0	0	0	3.1667	0	0	0	5.75	0
28.82	18.897	18.39	0.126	0.455	0.354	0.071	0.1846	0.36024	0	0	0	0	0	0	0	0	1.253	0	0	0	0	0	0	0	0	0	2	1	0	0	0.2313	0	0	0	0	0	0.37938	0	1	2	0.32619	0.36545	0.92518	0.1846	0.36024	0.98869	0.293	0.381	0	0	0	0	0	1	1	0.24858	0.35252	0.96998	0.13334	0.3547	0.99002	0.352	0.352	0	0	0	0	0	1	1	0.2313	0.37938	0.98151	0.12905	0.38544	0.99789	0.381	0.381	0	0	0	0	0	0	0	0	0	0	0	0	0	0	0	0	0	0	0	0	0	0	0	0	0	0	0	0	0	0	0	16.408	1	0	0	25.646	0
27.963	19.721	90.962	0.646	1.18	0.698	2.708	0	0	0	0	0	0	0	0	0	0	0	0.7251	0	0	0	0	0	0	0	0	1	0	0	0.36183	0.499	0	0	0	0	0.45125	0.3955	0	1	1	0.24821	0.21089	0.95819	0.027933	0.22251	-8.634e+51	0.234	0.234	0	0	0	0	0	1	2	0.64	0.56435	0.55344	0.36183	0.45125	0.96268	0.293	0.645	0	0	0	0	0	1	2	0.31761	0.62676	-0.14747	0.48507	0.38854	0.91829	0.146	0.645	0	0	0	0	0	0	0	0	0	0	0	0	0	0	0	0	0	0	0	0	0	0	0	0	0	0	0	0	0	0	0	5.9894	1	0	0	14.041	0
29.373	18.942	0	0.008	0.099	0.099	0.059	0	0	0	0	0	0	0	0	0	0	0	0	1	0	0	0	0	0	0	0	0	0	0	0	0	0	0	0	0	0	0	0	1	3	0	0	0	0	0	0	0	0	0.088	0.147	0.161	0.2785	0	1	4	0	0	0	0	0	0	0	0	0.088	0.322	0.161	0.513	0	1	3	0	0	0	0	0	0	0	0	0.088	0.147	0.161	0.2785	0	0	0	0	0	0	0	0	0	0	0	0	0	0	0	0	0	0	0	0	0	0	0	0	0	0	0	15.222	1	0	0	4	0
10.613	19.287	120.19	0.178	0.652	0.347	0.349	0	0	0	0	0	0	0	0	0	0	0	0	0	0	0	0	0	0	0	0	1	0	0	0	0.19321	0	0	0	0	0	0.37653	0	1	1	0.29243	0.40166	0.96286	0.066571	0.37866	0.84346	0.352	0.352	0	0	0	0	0	1	1	0.2236	0.373	0.83825	0.12194	0.37453	0.70152	0.381	0.381	0	0	0	0	0	1	1	0.19321	0.37653	0.98082	0.10441	0.37216	0.9669	0.352	0.352	0	0	0	0	0	0	0	0	0	0	0	0	0	0	0	0	0	0	0	0	0	0	0	0	0	0	0	0	0	0	0	4.9227	1	0	0	10.86	0
29.771	19.235	18.013	0.094	0.501	0.238	0.359	0	0	0	0	0	0	0	0	0	0	0	0	0	0	0	0	0	0	0	0	1	0	0	0	0	0	0	0	0	0	0	0	1	1	0.28034	0.39934	0.94445	0.15449	0.39917	0.95376	0.381	0.381	0	0	0	0	0	1	1	0.14138	0.34499	0.95982	0.076288	0.32204	0.89545	0.352	0.352	0	0	0	0	0	1	1	0.20887	0.39477	0.45542	0.10834	0.39435	0.72467	0.41	0.41	0	0	0	0	0	0	0	0	0	0	0	0	0	0	0	0	0	0	0	0	0	0	0	0	0	0	0	0	0	0	1	5.5046	1	0	0	13.45	0
27.264	19.206	90	0.013	0.165	0.099	0.059	0	0	0	0	0	0	0	0	0	0	0	0	1	0	0	0	0	0	0	0	1	0	0	0	0	0	0	0	0	0	0	0	1	1	0.13988	0.35275	0.64821	0.069658	0.34551	0.42918	0.352	0.352	0	0	0	0	0	1	1	0.13543	0.35291	0.61266	0.067266	0.35417	0.35521	0.352	0.352	0	0	0	0	0	1	3	0	0	0	0	0	0	0	0	0.059	0.058	0.3225	0.381	0	0	0	0	0	0	0	0	0	0	0	0	0	0	0	0	0	0	0	0	0	0	0	0	0	0	0	1.1333	0	0	0	3.0667	0
22.243	19.663	108.41	0.204	1.126	0.231	0.983	0.18589	0.4179	0	0	0	0	0	0	0	0	1.0501	0	0	0	0	0	0	0	0	0	1	0	1	0	0.19521	0	0	0	0	0	0.40411	0	1	1	0.18589	0.4179	0.99309	0.095039	0.42238	0.9776	0.439	0.439	0	0	0	0	0	1	1	0.25345	0.27435	0.9339	0.18679	0.23939	0.89097	0.293	0.293	0	0	0	0	0	1	1	0.19521	0.40411	0.98224	0.10236	0.40521	0.96293	0.41	0.41	0	0	0	0	0	0	0	0	0	0	0	0	0	0	0	0	0	0	0	0	0	0	0	0	0	0	0	0	0	0	0	1.5126	0	0	0	7.542	0
29.108	19.38	135	0.017	0.166	0.132	0.071	0	0	0	0	0	0	0	0	0	0	0	0	1	0	0	0	0	0	0	0	2	0	0	0	0	0	0	0	0	0	0	0	1	2	0.20968	0.37899	0.62935	0.14385	0.42394	0.40512	0.352	0.498	0	0	0	0	0	1	2	0.19635	0.38774	-1.6898e+51	0.11991	0.40568	0.63608	0.352	0.469	0	0	0	0	0	1	1	0.19305	0.38317	0.63063	0.1099	0.38523	0.3759	0.381	0.381	0	0	0	0	0	0	0	0	0	0	0	0	0	0	0	0	0	0	0	0	0	0	0	0	0	0	0	0	0	0	0	4.2	1	0	0	3.2	0
27.393	19.408	77.179	0.016	0.163	0.128	0.112	0	0	0	0	0	0	0	0	0	0	0	0	1	0	0	0	0	0	0	0	0	0	0	0	0	0	0	0	0	0	0	0	1	0	0	0	0	0	0	0	0	0	0	0	0	0	0	1	0	0	0	0	0	0	0	0	0	0	0	0	0	0	1	0	0	0	0	0	0	0	0	0	0	0	0	0	0	0	0	0	0	0	0	0	0	0	0	0	0	0	0	0	0	0	0	0	0	0	0	0	0	0	0	1.1579	0	0	0	3	0
27.211	19.485	33.524	0.029	0.235	0.158	0.112	0.14869	0.43096	0	0	0	0	0	0	0	0	0	0	1	0	0	0	0	0	0	0	2	1	0	0	0	0	0	0	0	0	0	0	1	2	0.25966	0.37135	0.87961	0.14869	0.43096	0.94769	0.352	0.498	0	0	0	0	0	1	5	0	0	0	0	0	0	0	0	0	0	0	0	0	1	1	0.20836	0.35943	0.66917	0.11396	0.37512	0.44616	0.352	0.352	0	0	0	0	0	0	0	0	0	0	0	0	0	0	0	0	0	0	0	0	0	0	0	0	0	0	0	0	0	0	0	1.4118	0	0	0	2.5882	0
28.494	19.499	0	0.008	0.099	0.099	0.059	0	0	0	0	0	0	0	0	0	0	0	0	1	0	0	0	0	0	0	0	2	0	0	0	0	0	0	0	0	0	0	0	1	2	0.13286	0.39044	-0.58919	0.45849	0.41576	0.42973	0.381	0.703	0	0	0	0	0	1	3	0	0	0	0	0	0	0	0	0.088	0.234	0.425	0.586	0	1	2	0.14248	0.38672	0.24687	0.084003	0.41871	0.29981	0.381	0.469	0	0	0	0	0	0	0	0	0	0	0	0	0	0	0	0	0	0	0	0	0	0	0	0	0	0	0	0	0	0	0	2	0	0	0	5.5556	0
26.477	20.479	60.559	0.858	1.705	0.641	2.857	0	0	0	0	0	0	0	0	0	0	0	0	0	0	0	0	0	0	0	0	0	0	0	0	0	0	0	0	0	0	0	0	1	4	0	0	0	0	0	0	0	0	0.058	0.176	0.381	0.586	0	1	4	0	0	0	0	0	0	0	0	0.088	0.176	0.19	0.557	0	1	3	0	0	0	0	0	0	0	0	0.205	0.088	0.3665	0.513	0	0	0	0	0	0	0	0	0	0	0	0	0	0	0	0	0	0	0	0	0	0	0	0	0	0	0	1.252	0	0	0	4.147	0
25.648	20.177	30.407	0.613	1.541	0.506	2.774	0.21192	0.5343	0	0	0	0	0	0	0	0	1.1432	0	0	0	0	0	0	0	0	0	2	1	0	0	0.24228	0	0	0	0	0	0.3291	0	1	2	0.41869	0.52804	0.98218	0.21192	0.5343	0.98002	0.469	0.586	0	0	0	0	0	1	2	0.64	0.645	0.72211	0.39417	0.44792	0.69488	0.264	0.41	0	0	0	0	0	1	1	0.24228	0.3291	0.99481	0.13078	0.32646	0.97414	0.322	0.322	0	0	0	0	0	0	0	0	0	0	0	0	0	0	0	0	0	0	0	0	0	0	0	0	0	0	0	0	0	0	0	1.619	0	0	0	7.8025	0
28.875	20.125	101.73	0.31	1.119	0.353	0.771	0	0	0	0	0	0	0	0	0	0	0	0	0	0	0	0	0	0	0	0	0	0	0	0	0	0	0	0	0	0	0	0	1	3	0	0	0	0	0	0	0	0	0.176	0.117	0.469	0.6155	0	1	1	0.28166	0.36281	0.92342	0.16645	0.37095	0.88388	0.381	0.381	0	0	0	0	0	1	3	0	0	0	0	0	0	0	0	0.088	0.205	0.161	0.3075	0	0	0	0	0	0	0	0	0	0	0	0	0	0	0	0	0	0	0	0	0	0	0	0	0	0	0	4.072	1	0	0	12.172	0
29.395	19.862	36.681	0.151	0.642	0.3	0.99	0.24834	0.48	0	0	0	0	0	0	0	0	0	0	0	0	0	0	0	0	0	0	2	1	0	0	0	0	0	0	0	0	0	0	1	2	0.51849	0.44493	0.76902	0.24834	0.48	0.93829	0.352	0.615	0	0	0	0	0	1	1	0.17021	0.38278	0.59009	0.10046	0.37939	0.74303	0.41	0.41	0	0	0	0	0	1	3	0	0	0	0	0	0	0	0	0.118	0.117	0.205	0.3225	0	0	0	0	0	0	0	0	0	0	0	0	0	0	0	0	0	0	0	0	0	0	0	0	0	0	0	2.1818	0	0	0	9.3182	0
20.884	21.491	53.875	3.231	2.678	1.536	9.399	0.22492	0.49673	0	0	0	0	0	0	0	0	0	0	0	0	0	0	0	0	0	0	2	1	0	0	0	0	0	0	0	0	0	0	1	2	0.39453	0.49488	0.91509	0.22492	0.49673	0.98325	0.439	0.557	0	0	0	0	0	1	2	0.64	0.40145	-3.3388	0.46267	0.41367	0.6303	0.205	0.557	0	0	0	0	0	1	1	0.53385	0.5619	0.97755	0.2662	0.5119	0.73605	0.557	0.557	0	0	0	0	0	0	0	0	0	0	0	0	0	0	0	0	0	0	0	0	0	0	0	0	0	0	0	0	0	0	0	4.9607	1	0	0	11.169	0
19.743	19.777	147.95	0.039	0.36	0.14	0.254	0	0	0	0	0	0	0	0	0	0	0	0	1	0	0	0	0	0	0	0	1	0	0	0	0	0	0	0	0	0	0	0	1	1	0.16422	0.43943	0.56892	0.077873	0.44145	0.27595	0.439	0.439	0	0	0	0	0	1	1	0.097386	0.44077	0.64563	0.053489	0.43705	0.40501	0.439	0.439	0	0	0	0	0	1	1	0.13974	0.4384	0.61642	0.070065	0.43766	0.36079	0.439	0.439	0	0	0	0	0	0	0	0	0	0	0	0	0	0	0	0	0	0	0	0	0	0	0	0	0	0	0	0	0	0	0	0.6087	0	0	0	4.8913	0
29.936	20.247	87.098	0.112	0.887	0.16	0.869	0.11465	0.37058	0	0	0	0	0	0	0	0	0	0	0	0	0	0	0	0	0	0	2	1	0	0	0	0	0	0	0	0	0	0	1	2	0.18847	0.37349	0.86358	0.11465	0.37058	0.98847	0.322	0.41	0	0	0	0	0	1	1	0.10778	0.37388	0.95435	0.056339	0.37819	0.94294	0.381	0.381	0	0	0	0	0	1	1	0.12349	0.42528	0.86867	0.080701	0.40907	0.94695	0.439	0.439	0	0	0	0	0	0	0	0	0	0	0	0	0	0	0	0	0	0	0	0	0	0	0	0	0	0	0	0	0	0	1	5.1462	1	0	0	18.085	0
19.997	19.919	0	0.015	0.157	0.126	0.254	0	0	0	0	0	0	0	0	0	0	0	0	1	0	0	0	0	0	0	0	1	0	0	0	0	0	0	0	0	0	0	0	1	1	0.15449	0.36836	0.65063	0.080401	0.36507	0.42123	0.352	0.352	0	0	0	0	0	1	1	0.14207	0.36284	0.60905	0.075583	0.36199	0.34986	0.352	0.352	0	0	0	0	0	1	1	0.17663	0.34931	0.72938	0.081439	0.35402	0.53383	0.352	0.352	0	0	0	0	0	0	0	0	0	0	0	0	0	0	0	0	0	0	0	0	0	0	0	0	0	0	0	0	0	0	0	0.72222	0	0	0	4.8889	0
21.987	20.116	130.58	0.019	0.176	0.137	0.983	0	0	0	0	0	0	0	0	0	0	0	0	1	0	0	0	0	0	0	0	1	0	0	0	0	0	0	0	0	0	0	0	1	1	0.15197	0.42346	0.42269	0.076359	0.42699	0.035071	0.439	0.439	0	0	0	0	0	1	1	0.14435	0.42181	0.53363	0.078803	0.42169	0.22547	0.41	0.41	0	0	0	0	0	1	1	0.10995	0.41542	0.31291	0.058639	0.41991	-0.67699	0.41	0.41	0	0	0	0	0	0	0	0	0	0	0	0	0	0	0	0	0	0	0	0	0	0	0	0	0	0	0	0	0	0	0	0.68182	0	0	0	4.2727	0
29.444	20.214	45.001	0.013	0.137	0.12	0.99	0	0	0	0	0	0	0	0	0	0	0	0	1	0	0	0	0	0	0	0	1	0	0	0	0	0	0	0	0	0	0	0	1	1	0.48337	0.20676	0.66152	0.26275	0.27737	-1.1199e+52	0.381	0.381	0	0	0	0	0	1	3	0	0	0	0	0	0	0	0	0.088	0.117	0.249	0.3515	0	1	1	0.47819	0.21205	0.52391	0.11422	0.37341	0.51242	0.381	0.381	0	0	0	0	0	0	0	0	0	0	0	0	0	0	0	0	0	0	0	0	0	0	0	0	0	0	0	0	0	0	0	2.4	0	0	0	8.8667	0
22.718	20.439	135.51	0.12	0.659	0.232	0.449	0.20652	0.44394	0	0	0	0	0	0	0	0.73436	0	0	0	0	0	0	0	0	0	0	1	0	1	0.15166	0	0	0	0	0	0.3858	0	0	1	1	0.20652	0.44394	0.98529	0.072652	0.46339	0.93642	0.469	0.469	0	0	0	0	0	1	1	0.15166	0.3858	0.9958	0.084964	0.38565	0.99829	0.381	0.381	0	0	0	0	0	1	1	0.52159	0.146	0.56504	0.084899	0.38102	0.21863	0.381	0.381	0	0	0	0	0	0	0	0	0	0	0	0	0	0	0	0	0	0	0	0	0	0	0	0	0	0	0	0	0	0	0	1.0643	0	0	0	5.1857	0
27.417	20.64	15.212	0.35	0.847	0.527	1.373	0.41056	0.36392	0	0	0	0	0	0	0	0.21434	0	0	0	0	0	0	0	0	0	0	2	1	0	0.088	0	0	0	0	0	0.366	0	0	1	2	0.2113	0.56347	-0.55588	0.41056	0.36392	0.92257	0.234	0.586	0	0	0	0	0	1	2	0.34794	0.35846	0.96508	0.18659	0.34984	0.90767	0.322	0.41	0	0	0	0	0	1	1	0.3453	0.41056	0.93843	0.18014	0.41	0.92766	0.41	0.41	0	0	0	0	0	0	0	0	0	0	0	0	0	0	0	0	0	0	0	0	0	0	0	0	0	0	0	0	0	0	0	8.4877	1	0	0	15.882	0
28.218	20.769	49.252	0.117	0.571	0.26	0.383	0.14811	0.33643	0	0	0	0	0	0	0	0	0	0	0	0	0	0	0	0	0	0	2	1	0	0	0	0	0	0	0	0	0	0	1	2	0.26994	0.3466	0.93156	0.14811	0.33643	0.97644	0.293	0.381	0	0	0	0	0	1	2	0.64	0.146	-0.074222	0.47276	0.38238	0.44997	0.41	0.674	0	0	0	0	0	1	1	0.22597	0.38419	0.93791	0.12516	0.38159	0.98293	0.352	0.352	0	0	0	0	0	0	0	0	0	0	0	0	0	0	0	0	0	0	0	0	0	0	0	0	0	0	0	0	0	0	0	4.7132	1	0	0	12.956	0
28.719	20.891	132.17	0.068	0.405	0.213	0.195	0	0	0	0	0	0	0	0	0	0	0	0	0	0	0	0	0	0	0	0	1	0	0	0	0.146	0	0	0	0	0	0.425	0	1	1	0.32717	0.4311	0.86569	0.17158	0.42322	0.77116	0.41	0.41	0	0	0	0	0	1	1	0.6297	0.645	0.5647	0.26885	0.51057	-4.5334e+51	0.41	0.41	0	0	0	0	0	1	2	0.22864	0.39872	0.87366	0.13611	0.43353	0.82817	0.352	0.498	0	0	0	0	0	0	0	0	0	0	0	0	0	0	0	0	0	0	0	0	0	0	0	0	0	0	0	0	0	0	0	2.3671	0	0	0	9.5063	0
28.375	22.088	50.094	1.116	2.352	0.604	6.013	0	0	0	0	0	0	0	0	0	0	0	0	0	0	0	0	0	0	0	0	1	0	0	0.088	0	0	0	0	0	0.542	0	0	1	1	0.52128	0.35355	0.67825	0.32023	0.30612	0.82772	0.381	0.381	0	0	0	0	0	1	2	0.29454	0.52931	0.85033	0.15577	0.52584	0.88903	0.498	0.586	0	0	0	0	0	1	1	0.30861	0.42094	0.9603	0.17602	0.43369	0.96907	0.41	0.41	0	0	0	0	0	0	0	0	0	0	0	0	0	0	0	0	0	0	0	0	0	0	0	0	0	0	0	0	0	0	0	6.8008	1	0	0	22.186	0
23.832	21.426	150.05	0.741	2.215	0.426	0.171	0	0	0	0	0	0	0	0	0	0	0	0	0	0	0	0	0	0	0	0	0	0	0	0	0.14628	0	0	0	0	0	0.2741	0	1	3	0	0	0	0	0	0	0	0	0.147	0.088	0.4835	0.601	0	1	1	0.23167	0.28662	0.95809	0.043038	0.30521	0.85421	0.322	0.322	0	0	0	0	0	1	2	0.26475	0.26705	0.9136	0.14628	0.2741	0.96196	0.205	0.352	0	0	0	0	0	0	0	0	0	0	0	0	0	0	0	0	0	0	0	0	0	0	0	0	0	0	0	0	0	0	0	5.2491	1	0	0	11.094	0
27.816	21.336	64.798	0.2	0.726	0.351	0.466	0	0	0	0	0	0	0	0	0	0	0	0	0	0	0	0	0	0	0	0	1	0	0	0	0	0	0	0	0	0	0	0	1	1	0.369	0.40627	0.83564	0.18685	0.4008	0.80202	0.439	0.439	0	0	0	0	0	1	1	0.23434	0.39704	0.94847	0.12678	0.3988	0.81547	0.41	0.41	0	0	0	0	0	1	3	0	0	0	0	0	0	0	0	0.176	0.146	0.205	0.366	0	0	0	0	0	0	0	0	0	0	0	0	0	0	0	0	0	0	0	0	0	0	0	0	0	0	0	9.0043	1	0	0	24.674	0
10.144	21.78	87.261	0.295	1.513	0.249	1.162	0	0	0	0	0	0	0	0	0	0	0	0	0	0	0	0	0	0	0	0	1	0	0	0	0.10674	0	0	0	0	0	0.39732	0	1	1	0.42648	0.55754	0.64336	0.23548	0.52726	0.91118	0.469	0.469	0	0	0	0	0	1	1	0.20538	0.35687	0.76502	0.11154	0.36094	0.61231	0.381	0.381	0	0	0	0	0	1	2	0.17025	0.39878	0.97266	0.10674	0.39732	0.99449	0.352	0.439	0	0	0	0	0	0	0	0	0	0	0	0	0	0	0	0	0	0	0	0	0	0	0	0	0	0	0	0	0	0	0	6.2209	1	0	0	10.317	0
29.781	21.188	110.06	0.022	0.27	0.105	0.171	0.11942	0.40549	0	0	0	0	0	0	0	0	1.4599	0	1	0	0	0	0	0	0	0	2	1	0	0	0.17434	0	0	0	0	0	0.40947	0	1	2	0.19955	0.3743	0.89544	0.11942	0.40549	0.96618	0.352	0.469	0	0	0	0	0	1	3	0	0	0	0	0	0	0	0	0.176	0.088	0.234	0.366	0	1	1	0.17434	0.40947	0.98012	0.052084	0.42214	0.89969	0.381	0.381	0	0	0	0	0	0	0	0	0	0	0	0	0	0	0	0	0	0	0	0	0	0	0	0	0	0	0	0	0	0	0	3.0385	0	0	0	10.654	0
26.74	21.233	13.835	0.044	0.344	0.162	0.247	0	0	0	0	0	0	0	0	0	0	0	0	1	0	0	0	0	0	0	0	5	0	0	0.351	0	0	0	0	0	0.5275	0	0	1	5	0	0	0	0	0	0	0	0	0	0	0	0	0	1	2	0.20731	0.36831	0.82476	0.12089	0.41356	0.87581	0.352	0.703	0	0	0	0	0	1	4	0	0	0	0	0	0	0	0	0.206	0.059	0.249	0.4685	0	0	0	0	0	0	0	0	0	0	0	0	0	0	0	0	0	0	0	0	0	0	0	0	0	0	0	1.1373	0	0	0	4.1961	0
24.708	21.26	110.16	0.036	0.255	0.18	0.159	0	0	0	0	0	0	0	0	0	0	0	0	1	0	0	0	0	0	0	0	1	0	0	0	0.25852	0	0	0	0	0	0.51574	0	1	1	0.20795	0.4179	0.97508	0.11586	0.41161	0.97591	0.439	0.439	0	0	0	0	0	1	1	0.18966	0.37927	0.93622	0.10148	0.38017	0.9714	0.352	0.352	0	0	0	0	0	1	2	0.089597	0.40933	-0.35423	0.25852	0.51574	0.92625	0.41	0.674	0	0	0	0	0	0	0	0	0	0	0	0	0	0	0	0	0	0	0	0	0	0	0	0	0	0	0	0	0	0	0	0.95238	0	0	0	4.0952	0
25.088	21.35	10.636	0.058	0.382	0.192	0.159	0.322	0.542	0	0	0	0	0	0	0	0	0	0	0	0	0	0	0	0	0	0	2	1	0	0	0	0	0	0	0	0	0	0	1	2	0.15038	0.39023	0.78418	0.078246	0.41093	0.7728	0.381	0.703	0	0	0	0	0	1	3	0	0	0	0	0	0	0	0	0.146	0.147	0.454	0.6005	0	1	2	0.16541	0.39489	0.57435	0.090968	0.3693	0.65789	0.41	0.703	0	0	0	0	0	0	0	0	0	0	0	0	0	0	0	0	0	0	0	0	0	0	0	0	0	0	0	0	0	0	0	1.1642	0	0	0	7.2388	0
29.915	21.404	0	0.01	0.132	0.099	0.088	0	0	0	0	0	0	0	0	0	0	0	0	1	0	0	0	0	0	0	0	5	0	0	0	0	0	0	0	0	0	0	0	1	5	0	0	0	0	0	0	0	0	0	0	0	0	0	1	5	0	0	0	0	0	0	0	0	0	0	0	0	0	1	6	0	0	0	0	0	0	0	0	0	0	0	0	0	0	0	0	0	0	0	0	0	0	0	0	0	0	0	0	0	0	0	0	0	0	0	0	0	0	1	2.5833	0	0	0	8.1667	0
19.777	21.506	0	0.014	0.132	0.132	0.029	0.26434	0.51283	0	0	0	0	0	0	0	0.5561	0.90153	0.61684	1	0	0	0	0	0	0	0	2	1	0	0.147	0.23831	0	0	0	0	0.3955	0.52585	0	1	2	0.5347	0.61193	0.80488	0.26434	0.51283	0.94932	0.439	0.645	0	0	0	0	0	1	2	0.48046	0.645	0.78549	0.29107	0.48687	0.76805	0.322	0.469	0	0	0	0	0	1	2	0.34104	0.46436	0.73037	0.23831	0.52585	0.94461	0.439	0.615	0	0	0	0	0	0	0	0	0	0	0	0	0	0	0	0	0	0	0	0	0	0	0	0	0	0	0	0	0	0	0	0.875	0	0	0	6.6875	0
23.793	21.525	35.134	0.017	0.209	0.105	0.171	0.24006	0.26942	0	0	0	0	0	0	0	0	0.71245	0	1	0	0	0	0	0	0	0	2	1	0	0	0.17103	0	0	0	0	0	0.37011	0	1	2	0.30473	0.34571	0.81707	0.24006	0.26942	0.97831	0.205	0.381	0	0	0	0	0	1	3	0	0	0	0	0	0	0	0	0.088	0.117	0.22	0.3225	0	1	1	0.17103	0.37011	0.9912	0.090331	0.37153	0.98463	0.352	0.352	0	0	0	0	0	0	0	0	0	0	0	0	0	0	0	0	0	0	0	0	0	0	0	0	0	0	0	0	0	0	0	1.5	0	0	0	7.7	0
25.247	21.688	18.655	0.169	0.696	0.31	0.837	0	0	0	0	0	0	0	0	0	0	0	0	0	0	0	0	0	0	0	0	0	0	0	0.12637	0	0	0	0	0	0.33335	0	0	1	3	0	0	0	0	0	0	0	0	0.117	0.147	0.3515	0.4835	0	1	2	0.2341	0.34062	0.94711	0.12637	0.33335	0.98968	0.293	0.381	0	0	0	0	0	1	3	0	0	0	0	0	0	0	0	0.088	0.146	0.337	0.454	0	0	0	0	0	0	0	0	0	0	0	0	0	0	0	0	0	0	0	0	0	0	0	0	0	0	0	0.92386	0	0	0	3.2792	0
26.59	21.492	0	0.008	0.099	0.099	0.059	0	0	0	0	0	0	0	0	0	0	0	0	1	0	0	0	0	0	0	0	6	0	0	0	0	0	0	0	0	0	0	0	1	6	0	0	0	0	0	0	0	0	0	0	0	0	0	1	6	0	0	0	0	0	0	0	0	0	0	0	0	0	1	6	0	0	0	0	0	0	0	0	0	0	0	0	0	0	0	0	0	0	0	0	0	0	0	0	0	0	0	0	0	0	0	0	0	0	0	0	0	0	0	0.88889	0	0	0	4.4444	0
25.961	21.634	138.67	0.09	0.408	0.282	0.141	0	0	0	0	0	0	0	0	0	0	0	0	0	0	0	0	0	0	0	0	1	0	0	0	0.10722	0	0	0	0	0	0.37929	0	1	1	0.30719	0.40399	0.96213	0.057503	0.42065	-Inf	0.381	0.381	0	0	0	0	0	1	1	0.21438	0.41572	0.95255	0.11151	0.41899	0.9275	0.439	0.439	0	0	0	0	0	1	2	0.20235	0.3914	0.97955	0.10722	0.37929	0.98663	0.322	0.41	0	0	0	0	0	0	0	0	0	0	0	0	0	0	0	0	0	0	0	0	0	0	0	0	0	0	0	0	0	0	0	1.5429	0	0	0	8.0762	0
29.92	21.568	144.45	0.027	0.212	0.165	0.271	0	0	0	0	0	0	0	0	0	0	0	0	1	0	0	0	0	0	0	0	0	0	0	0	0	0	0	0	0	0	0	0	1	3	0	0	0	0	0	0	0	0	0.088	0.088	0.454	0.542	0	1	4	0	0	0	0	0	0	0	0	0.058	0.088	0.381	0.542	0	1	1	0.12613	0.36475	0.97209	0.063202	0.37328	0.97387	0.41	0.41	0	0	0	0	0	0	0	0	0	0	0	0	0	0	0	0	0	0	0	0	0	0	0	0	0	0	0	0	0	0	1	1.6875	0	0	0	7.125	0
26.938	21.887	152.36	0.343	1.124	0.389	1.537	0	0	0	0	0	0	0	0	0	0	0	0	0	0	0	0	0	0	0	0	0	0	0	0	0	0	0	0	0	0	0	0	1	4	0	0	0	0	0	0	0	0	0.147	0.118	0.2785	0.498	0	1	5	0	0	0	0	0	0	0	0	0	0	0	0	0	1	4	0	0	0	0	0	0	0	0	0.117	0.146	0.2635	0.542	0	0	0	0	0	0	0	0	0	0	0	0	0	0	0	0	0	0	0	0	0	0	0	0	0	0	0	1.0925	0	0	0	3.22	0
27.345	21.619	73.725	0.023	0.199	0.148	0.029	0.146	0.542	0	0	0	0	0	0	0	1.6881	0.70068	0.41506	1	0	0	0	0	0	0	0	2	1	0	0.24647	0.1023	0	0	0	0	0.52177	0.44166	0	1	2	0.38143	0.48189	0.67411	0.24883	0.52058	0.9059	0.469	0.615	0	0	0	0	0	1	2	0.49004	0.64374	0.93495	0.24647	0.52177	0.95529	0.439	0.645	0	0	0	0	0	1	2	0.19548	0.42132	0.90137	0.1023	0.44166	0.95681	0.41	0.469	0	0	0	0	0	0	0	0	0	0	0	0	0	0	0	0	0	0	0	0	0	0	0	0	0	0	0	0	0	0	0	2.9259	0	0	0	12.333	0
29.229	21.888	4.181	0.249	0.883	0.359	1.02	0	0	0	0	0	0	0	0	0	0	0	0	0	0	0	0	0	0	0	0	1	0	0	0	0	0	0	0	0	0	0	0	1	1	0.33563	0.29722	0.9649	0.15756	0.30302	0.93969	0.293	0.293	0	0	0	0	0	1	4	0	0	0	0	0	0	0	0	0.147	0.088	0.3075	0.542	0	1	4	0	0	0	0	0	0	0	0	0.088	0.117	0.19	0.3805	0	0	0	0	0	0	0	0	0	0	0	0	0	0	0	0	0	0	0	0	0	0	0	0	0	0	0	5.7483	1	0	0	15.986	0
26.678	21.96	0	0.008	0.099	0.099	0.059	0	0	0	0	0	0	0	0	0	0	0	0	1	0	0	0	0	0	0	0	0	0	0	0	0	0	0	0	0	0	0	0	1	3	0	0	0	0	0	0	0	0	0.235	0.117	0.2345	0.4105	0	1	3	0	0	0	0	0	0	0	0	0.235	0.117	0.2345	0.4105	0	1	5	0	0	0	0	0	0	0	0	0	0	0	0	0	0	0	0	0	0	0	0	0	0	0	0	0	0	0	0	0	0	0	0	0	0	0	0	0	0	0	0.77778	0	0	0	2.7778	0
28.499	22.066	22.035	0.052	0.314	0.212	0.159	0	0	0	0	0	0	0	0	0	0	0	0	0	0	0	0	0	0	0	0	1	0	0	0	0	0	0	0	0	0	0	0	1	1	0.64	0.15946	0.87613	0.24766	0.26983	0.8887	0.264	0.264	0	0	0	0	0	1	1	0.57207	0.146	0.87672	0	0.146	0.85319	0.381	0.381	0	0	0	0	0	1	2	0.64	0.51855	-0.60178	0.49859	0.39571	-0.17248	0.322	0.41	0	0	0	0	0	0	0	0	0	0	0	0	0	0	0	0	0	0	0	0	0	0	0	0	0	0	0	0	0	0	0	6.082	1	0	0	22.066	0
24.101	22.253	75.265	0.087	0.376	0.293	0.395	0	0	0	0	0	0	0	0	0	0	0	0	0	0	0	0	0	0	0	0	0	0	0	0	0	0	0	0	0	0	0	0	1	3	0	0	0	0	0	0	0	0	0.234	0.088	0.381	0.542	0	1	1	0.22737	0.40453	0.82519	0.14605	0.41182	0.76343	0.41	0.41	0	0	0	0	0	1	1	0.21911	0.37549	0.88273	0.12882	0.3727	0.87016	0.381	0.381	0	0	0	0	0	0	0	0	0	0	0	0	0	0	0	0	0	0	0	0	0	0	0	0	0	0	0	0	0	0	0	1.5149	0	0	0	4.1089	0
26.378	22.222	24.797	0.061	0.386	0.201	0.254	0	0	0	0	0	0	0	0	0	0	0	0	0	0	0	0	0	0	0	0	1	0	0	0	0	0	0	0	0	0	0	0	1	1	0.64	0.61495	0.39282	0.14058	0.40638	0.069126	0.439	0.439	0	0	0	0	0	1	2	0.64	0.62251	0.053185	0.1207	0.41509	-2.7307e+54	0.381	0.439	0	0	0	0	0	1	1	0.57537	0.645	0.73869	0.22898	0.53051	0.69647	0.439	0.439	0	0	0	0	0	0	0	0	0	0	0	0	0	0	0	0	0	0	0	0	0	0	0	0	0	0	0	0	0	0	0	1.507	0	0	0	7.0704	0
25.431	22.24	106.52	0.037	0.264	0.178	0.1	0.11426	0.36944	0	0	0	0	0	0	0	0.97091	0	0	1	0	0	0	0	0	0	0	2	1	0	0.11093	0	0	0	0	0	0.35875	0	0	1	2	0.20469	0.39242	0.97593	0.11426	0.36944	0.95119	0.293	0.381	0	0	0	0	0	1	2	0.21392	0.38674	0.97412	0.11093	0.35875	0.98703	0.293	0.352	0	0	0	0	0	1	3	0	0	0	0	0	0	0	0	0.146	0.059	0.337	0.4395	0	0	0	0	0	0	0	0	0	0	0	0	0	0	0	0	0	0	0	0	0	0	0	0	0	0	0	1.2093	0	0	0	2.5349	0
23.777	22.195	0	0.008	0.099	0.099	0.059	0	0	0	0	0	0	0	0	0	0	0	0	1	0	0	0	0	0	0	0	2	0	0	0	0	0	0	0	0	0	0	0	1	2	0.16747	0.39088	0.54307	0.10255	0.3871	0.23794	0.322	0.469	0	0	0	0	0	1	2	0.16177	0.38648	0.55973	0.10431	0.38445	0.28146	0.322	0.469	0	0	0	0	0	1	1	0.54914	0.645	0.45795	0.090445	0.41454	0.16083	0.469	0.469	0	0	0	0	0	0	0	0	0	0	0	0	0	0	0	0	0	0	0	0	0	0	0	0	0	0	0	0	0	0	0	0.55556	0	0	0	2.8889	0
23.47	22.462	147.16	0.199	0.77	0.329	0.766	0.16911	0.37632	0	0	0	0	0	0	0	1.0665	0.34298	0.32159	0	0	0	0	0	0	0	0	2	1	0	0.18035	0.058	0	0	0	0	0.35311	0.41	0	1	2	0.31545	0.38496	0.9793	0.16911	0.37632	0.96634	0.352	0.41	0	0	0	0	0	1	2	0.21211	0.42798	0.93893	0.18035	0.35311	0.97286	0.293	0.41	0	0	0	0	0	1	2	0.27142	0.41227	0.62403	0.14036	0.39611	0.83519	0.381	0.439	0	0	0	0	0	0	0	0	0	0	0	0	0	0	0	0	0	0	0	0	0	0	0	0	0	0	0	0	0	0	0	1.8017	0	0	0	6.1078	0
28.951	22.339	76.44	0.045	0.277	0.205	0.324	0	0	0	0	0	0	0	0	0	0	0	0	1	0	0	0	0	0	0	0	1	0	0	0	0	0	0	0	0	0	0	0	1	1	0.25634	0.32648	0.85212	0.15523	0.35556	0.94849	0.322	0.322	0	0	0	0	0	1	1	0.35214	0.29942	0.79854	0.24719	0.26959	0.87496	0.322	0.322	0	0	0	0	0	1	2	0.64	0.22795	0.071862	0.14274	0.40431	0.17225	0.352	0.439	0	0	0	0	0	0	0	0	0	0	0	0	0	0	0	0	0	0	0	0	0	0	0	0	0	0	0	0	0	0	0	2.5962	0	0	0	11.923	0
29.93	22.283	0	0.008	0.099	0.099	0.059	0.10811	0.35405	0	0	0	0	0	0	0	1.0169	0.9838	0.96748	1	0	0	0	0	0	0	0	2	1	0	0.10993	0.10636	0	0	0	0	0.35363	0.35615	0	1	2	0.11092	0.41114	0.90642	0.10811	0.35405	0.99019	0.293	0.41	0	0	0	0	0	1	2	0.12236	0.40089	0.88293	0.10993	0.35363	0.99079	0.293	0.41	0	0	0	0	0	1	2	0.12162	0.4056	0.94616	0.10636	0.35615	0.98163	0.293	0.41	0	0	0	0	0	0	0	0	0	0	0	0	0	0	0	0	0	0	0	0	0	0	0	0	0	0	0	0	0	0	1	5.7778	1	0	0	4.5556	0
22.179	22.403	27.755	0.038	0.251	0.191	0.071	0.18471	0.38947	0	0	0	0	0	0	0	0	0.94029	0	1	0	0	0	0	0	0	0	1	0	1	0	0.17368	0	0	0	0	0	0.37594	0	1	1	0.18471	0.38947	0.9946	0.094833	0.39212	0.99385	0.381	0.381	0	0	0	0	0	1	1	0.17096	0.39032	0.79236	0.096838	0.38706	0.65576	0.381	0.381	0	0	0	0	0	1	1	0.17368	0.37594	0.99021	0.098703	0.38395	0.99357	0.381	0.381	0	0	0	0	0	0	0	0	0	0	0	0	0	0	0	0	0	0	0	0	0	0	0	0	0	0	0	0	0	0	0	0.90909	0	0	0	5.5227	0
24.6	22.553	116.92	0.066	0.363	0.232	0.229	0.058	0.293	0	0	0	0	0	1	0	0	3.7126	0	0	0	0	0	0	0	0	0	2	1	0	0	0.21533	0	0	0	0	0	0.25367	0	1	2	0.57222	0.23266	0.63686	0.27599	0.284	0.82725	0.264	0.322	0	0	0	0	0	1	1	0.21006	0.35486	0.51767	0.11907	0.35602	0.2258	0.293	0.293	0	0	0	0	0	1	2	0.43907	0.146	0.93047	0.21533	0.25367	0.99469	0.146	0.322	0	0	0	0	0	0	0	0	0	0	0	0	0	0	0	0	0	0	0	0	0	0	0	0	0	0	0	0	0	0	0	1.5325	0	0	0	5.961	0
25.332	23.06	54.046	0.574	1.381	0.529	2.684	0	0	0	0	0	0	0	0	0	0	0	0	0	0	0	0	0	0	0	0	0	0	0	0.2093	0	0	0	0	0	0.54035	0	0	1	4	0	0	0	0	0	0	0	0	0.117	0.059	0.1755	0.3225	0	1	2	0.40608	0.56175	0.91299	0.2093	0.54035	0.92578	0.469	0.586	0	0	0	0	0	1	3	0	0	0	0	0	0	0	0	0.176	0.205	0.234	0.4245	0	0	0	0	0	0	0	0	0	0	0	0	0	0	0	0	0	0	0	0	0	0	0	0	0	0	0	1.148	0	0	0	3.9387	0
26.783	22.653	166.26	0.25	0.813	0.391	0.559	0	0	0	0	0	0	0	0	0	0	0	0	0	0	0	0	0	0	0	0	0	0	0	0	0	0	0	0	0	0	0	0	1	4	0	0	0	0	0	0	0	0	0.146	0.117	0.249	0.4685	0	1	4	0	0	0	0	0	0	0	0	0.118	0.264	0.293	0.571	0	1	3	0	0	0	0	0	0	0	0	0.176	0.058	0.264	0.381	0	0	0	0	0	0	0	0	0	0	0	0	0	0	0	0	0	0	0	0	0	0	0	0	0	0	0	2.6735	0	0	0	13.605	0
26.157	22.563	86.487	0.03	0.243	0.158	0.029	0	0	0	0	0	0	0	0	0	0	0	0	1	0	0	0	0	0	0	0	0	0	0	0	0	0	0	0	0	0	0	0	1	3	0	0	0	0	0	0	0	0	0.234	0.088	0.293	0.454	0	1	5	0	0	0	0	0	0	0	0	0	0	0	0	0	1	4	0	0	0	0	0	0	0	0	0.263	0.088	0.3075	0.601	0	0	0	0	0	0	0	0	0	0	0	0	0	0	0	0	0	0	0	0	0	0	0	0	0	0	0	1.4571	0	0	0	8.4	0
29.261	22.735	177.23	0.132	0.641	0.263	0.488	0.18335	0.35229	0	0	0	0	0	0	0	1.3982	0	0	0	0	0	0	0	0	0	0	2	1	0	0.25635	0	0	0	0	0	0.51683	0	0	1	2	0.30414	0.41889	0.87472	0.18335	0.35229	0.94159	0.264	0.439	0	0	0	0	0	1	2	0.63914	0.645	0.82871	0.25635	0.51683	0.93069	0.41	0.557	0	0	0	0	0	1	1	0.42847	0.34488	0.29007	0.13113	0.39916	0.1045	0.352	0.352	0	0	0	0	0	0	0	0	0	0	0	0	0	0	0	0	0	0	0	0	0	0	0	0	0	0	0	0	0	0	0	2.9805	0	0	0	13.558	0
24.151	22.822	3.143	0.18	0.722	0.318	0.6	0.14469	0.32469	0	0	0	0	0	0	0	0	2.0228	0	0	0	0	0	0	0	0	0	2	1	0	0	0.29266	0	0	0	0	0	0.29233	0	1	2	0.26848	0.32142	0.97051	0.14469	0.32469	0.9838	0.293	0.381	0	0	0	0	0	1	6	0	0	0	0	0	0	0	0	0	0	0	0	0	1	2	0.37951	0.35779	0.71362	0.29266	0.29233	0.97615	0.205	0.41	0	0	0	0	0	0	0	0	0	0	0	0	0	0	0	0	0	0	0	0	0	0	0	0	0	0	0	0	0	0	0	4.0381	1	0	0	11.319	0
22.824	22.868	170.52	0.258	0.821	0.399	0.347	0.18018	0.39423	0	0	0	0	0	0	0	0	0	0	0	0	0	0	0	0	0	0	2	1	0	0	0	0	0	0	0	0	0	0	1	2	0.3175	0.40792	0.93716	0.18018	0.39423	0.9929	0.322	0.439	0	0	0	0	0	1	3	0	0	0	0	0	0	0	0	0.087	0.059	0.3955	0.4685	0	1	1	0.25616	0.41405	0.87482	0.12038	0.39857	0.85677	0.381	0.381	0	0	0	0	0	0	0	0	0	0	0	0	0	0	0	0	0	0	0	0	0	0	0	0	0	0	0	0	0	0	0	6.3867	1	0	0	10.97	0
26.382	22.768	167.18	0.016	0.163	0.128	0.029	0	0	0	0	0	0	0	0	0	0	0	0	1	0	0	0	0	0	0	0	0	0	0	0	0.264	0	0	0	0	0	0.513	0	1	3	0	0	0	0	0	0	0	0	0.117	0.088	0.5275	0.63	0	1	3	0	0	0	0	0	0	0	0	0.088	0.088	0.513	0.601	0	1	2	0.42681	0.59327	0.92016	0.24036	0.49434	0.91603	0.381	0.645	0	0	0	0	0	0	0	0	0	0	0	0	0	0	0	0	0	0	0	0	0	0	0	0	0	0	0	0	0	0	0	1.5789	0	0	0	11.211	0
24.591	23.087	55.857	0.116	0.614	0.24	0.666	0.25917	0.28036	0	0	0	0	0	0	0	0	0	0	0	0	0	0	0	0	0	0	2	1	0	0	0	0	0	0	0	0	0	0	1	2	0.64	0.19254	0.53268	0.25917	0.28036	0.93501	0.146	0.41	0	0	0	0	0	1	3	0	0	0	0	0	0	0	0	0.293	0.235	0.2635	0.5275	0	1	3	0	0	0	0	0	0	0	0	0.088	0.264	0.337	0.513	0	0	0	0	0	0	0	0	0	0	0	0	0	0	0	0	0	0	0	0	0	0	0	0	0	0	0	1.5333	0	0	0	7.9259	0
20.662	23.079	72.05	0.1	0.516	0.248	0.288	0.24628	0.26914	0	0	0	0	0	0	0	0	0	0	0	0	0	0	0	0	0	0	2	1	0	0	0	0	0	0	0	0	0	0	1	2	0.37667	0.29964	0.85039	0.24628	0.26914	0.96861	0.117	0.322	0	0	0	0	0	1	1	0.437	0.17249	0.8344	0	0.146	0.93062	0.381	0.381	0	0	0	0	0	1	3	0	0	0	0	0	0	0	0	0.176	0.117	0.205	0.3515	0	0	0	0	0	0	0	0	0	0	0	0	0	0	0	0	0	0	0	0	0	0	0	0	0	0	0	1.9573	0	0	0	7.9145	0
27.959	23.436	4.003	0.97	2.454	0.503	4.621	0	0	0	0	0	0	0	0	0	0	0	0	0	0	0	0	0	0	0	0	1	0	0	0	0	0	0	0	0	0	0	0	1	1	0.25668	0.56924	0.96522	0.13162	0.56985	0.87752	0.615	0.615	0	0	0	0	0	1	3	0	0	0	0	0	0	0	0	0.058	0.205	0.381	0.5125	0	1	4	0	0	0	0	0	0	0	0	0.088	0.147	0.249	0.5125	0	0	0	0	0	0	0	0	0	0	0	0	0	0	0	0	0	0	0	0	0	0	0	0	0	0	0	3.7354	1	0	0	13.125	0
29.75	23.298	119.61	0.136	0.675	0.257	0.754	0	0	0	0	0	0	0	0	0	0	0	0	0	0	0	0	0	0	0	0	2	0	0	0	0	0	0	0	0	0	0	0	1	2	0.39599	0.42854	0.79892	0.24854	0.52073	0.66995	0.439	0.674	0	0	0	0	0	1	1	0.28034	0.41954	0.95538	0.14968	0.42558	0.96619	0.439	0.439	0	0	0	0	0	1	4	0	0	0	0	0	0	0	0	0.088	0.147	0.22	0.3955	0	0	0	0	0	0	0	0	0	0	0	0	0	0	0	0	0	0	0	0	0	0	0	0	0	0	1	6.1006	1	0	0	16.956	0
20.378	23.132	90	0.018	0.231	0.099	0.117	0.147	0.5125	0	0	0	0	0	0	0	0	0	0	1	0	0	0	0	0	0	0	2	1	0	0	0	0	0	0	0	0	0	0	1	2	0.47936	0.53315	0.75658	0.2341	0.49269	0.90067	0.439	0.586	0	0	0	0	0	1	2	0.6213	0.55072	0.35811	0.25843	0.50379	0.62671	0.381	0.615	0	0	0	0	0	1	4	0	0	0	0	0	0	0	0	0.088	0.117	0.425	0.6155	0	0	0	0	0	0	0	0	0	0	0	0	0	0	0	0	0	0	0	0	0	0	0	0	0	0	0	2.6667	0	0	0	9.7619	0
29.959	23.103	90	0.013	0.165	0.099	0.059	0.22899	0.27211	0	0	0	0	0	0	0	0.82642	0	0	1	0	0	0	0	0	0	0	2	1	0	0.18924	0	0	0	0	0	0.30267	0	0	1	2	0.10444	0.37195	-0.024951	0.22899	0.27211	0.97267	0.176	0.381	0	0	0	0	0	1	2	0.34338	0.21073	0.90458	0.18924	0.30267	0.96435	0.176	0.41	0	0	0	0	0	1	3	0	0	0	0	0	0	0	0	0.117	0.088	0.2345	0.337	0	0	0	0	0	0	0	0	0	0	0	0	0	0	0	0	0	0	0	0	0	0	0	0	0	0	1	8	1	0	0	17.6	0
26.083	23.38	36.408	0.189	0.771	0.312	0.82	0	0	0	0	0	0	0	0	0	0	0	0	0	0	0	0	0	0	0	0	1	0	0	0	0	0	0	0	0	0	0	0	1	1	0.3248	0.36074	0.97093	0.16886	0.3634	0.96881	0.352	0.352	0	0	0	0	0	1	3	0	0	0	0	0	0	0	0	0.147	0.117	0.5125	0.6445	0	1	1	0.22265	0.40114	0.97675	0.11824	0.39772	0.98901	0.381	0.381	0	0	0	0	0	0	0	0	0	0	0	0	0	0	0	0	0	0	0	0	0	0	0	0	0	0	0	0	0	0	0	4.9773	1	0	0	18.064	0
19.453	23.329	150.2	0.094	0.5	0.238	0.224	0.22593	0.3944	0	0	0	0	0	0	0	0	0.3895	0	0	0	0	0	0	0	0	0	1	0	1	0	0.088	0	0	0	0	0	0.454	0	1	1	0.22593	0.3944	0.98223	0.0009613	0.39489	0.89797	0.381	0.381	0	0	0	0	0	1	1	0.18038	0.41029	0.97783	0.094063	0.41317	0.99559	0.439	0.439	0	0	0	0	0	1	2	0.33858	0.46209	0.82598	0.18454	0.47272	0.91216	0.41	0.498	0	0	0	0	0	0	0	0	0	0	0	0	0	0	0	0	0	0	0	0	0	0	0	0	0	0	0	0	0	0	0	2.9083	0	0	0	11.33	0
19.915	23.475	92.634	0.104	0.442	0.299	0.1	0	0	0	0	0	0	0	0	0	0	0	0.98864	0	0	0	0	0	0	0	0	1	0	0	0.088	0.087	0	0	0	0	0.366	0.3955	0	1	1	0.27499	0.40721	0.8534	0.086468	0.36668	-4.0429e+52	0.352	0.352	0	0	0	0	0	1	2	0.25647	0.37411	0.74936	0.17696	0.3491	0.82319	0.322	0.41	0	0	0	0	0	1	2	0.21494	0.38911	0.81847	0.1174	0.40395	0.72655	0.352	0.439	0	0	0	0	0	0	0	0	0	0	0	0	0	0	0	0	0	0	0	0	0	0	0	0	0	0	0	0	0	0	0	4.6942	1	0	0	16.595	0
21.206	24.728	12.25	2.933	2.795	1.336	12.286	0	0	0	0	0	0	0	0	0	0	0	0	0	0	0	0	0	0	0	0	1	0	0	0	0	0	0	0	0	0	0	0	1	1	0.5175	0.3671	0.79291	0.1821	0.42883	0.6673	0.439	0.439	0	0	0	0	0	1	1	0.19582	0.5454	0.89663	0.11398	0.54706	0.83532	0.527	0.527	0	0	0	0	0	1	3	0	0	0	0	0	0	0	0	0.352	0.088	0.41	0.63	0	0	0	0	0	0	0	0	0	0	0	0	0	0	0	0	0	0	0	0	0	0	0	0	0	0	0	4.7711	1	0	0	14.029	0
24.244	23.869	14.788	0.475	0.91	0.664	1.715	0	0	0	0	0	0	0	0	0	0	0	0	0	0	0	0	0	0	0	0	0	0	0	0	0	0	0	0	0	0	0	0	1	4	0	0	0	0	0	0	0	0	0.118	0.117	0.205	0.5565	0	1	3	0	0	0	0	0	0	0	0	0.205	0.147	0.2195	0.3955	0	1	5	0	0	0	0	0	0	0	0	0	0	0	0	0	0	0	0	0	0	0	0	0	0	0	0	0	0	0	0	0	0	0	0	0	0	0	0	0	0	0	1.1844	0	0	0	4.3707	0
22.83	23.819	16.116	0.414	1.337	0.394	2.172	0	0	0	0	0	0	0	0	0	0	0	0	0	0	0	0	0	0	0	0	0	0	0	0	0	0	0	0	0	0	0	0	1	4	0	0	0	0	0	0	0	0	0.176	0.088	0.264	0.571	0	1	3	0	0	0	0	0	0	0	0	0.117	0.088	0.4105	0.513	0	1	4	0	0	0	0	0	0	0	0	0.088	0.059	0.19	0.4685	0	0	0	0	0	0	0	0	0	0	0	0	0	0	0	0	0	0	0	0	0	0	0	0	0	0	0	0.89004	0	0	0	3.11	0
29.735	23.707	106.12	0.017	0.197	0.111	0.1	0	0	0	0	0	0	0	0	0	0	0	0	1	0	0	0	0	0	0	0	2	0	0	0	0	0	0	0	0	0	0	0	1	2	0.23452	0.41686	0.11773	0.23531	0.52393	0.4598	0.381	0.645	0	0	0	0	0	1	3	0	0	0	0	0	0	0	0	0.117	0.147	0.4685	0.6005	0	1	1	0.15955	0.39392	0.84358	0.086718	0.39223	0.74883	0.41	0.41	0	0	0	0	0	0	0	0	0	0	0	0	0	0	0	0	0	0	0	0	0	0	0	0	0	0	0	0	0	0	0	6.15	1	0	0	16.4	0
28.446	24.033	9.026	0.235	0.931	0.322	1.264	0	0	0	0	0	0	0	0	0	0	0	0	0	0	0	0	0	0	0	0	0	0	0	0.206	0	0	0	0	0	0.249	0	0	1	4	0	0	0	0	0	0	0	0	0.088	0.088	0.278	0.513	0	1	2	0.27304	0.35149	0.86574	0.22121	0.26636	0.91909	0.146	0.352	0	0	0	0	0	1	1	0.22943	0.38396	0.50144	0.13675	0.35669	0.19099	0.293	0.293	0	0	0	0	0	0	0	0	0	0	0	0	0	0	0	0	0	0	0	0	0	0	0	0	0	0	0	0	0	0	0	1.0949	0	0	0	3.3175	0
19.852	24.096	75.557	0.098	0.566	0.22	0.329	0.20788	0.39647	0	0	0	0	0	0	0	0	0	0	0	0	0	0	0	0	0	0	1	0	1	0	0	0	0	0	0	0	0	0	1	1	0.20788	0.39647	0.98518	0.068064	0.38095	-Inf	0.381	0.381	0	0	0	0	0	1	1	0.18099	0.36016	0.76847	0.097307	0.35535	0.76863	0.381	0.381	0	0	0	0	0	1	1	0.18387	0.35358	0.94529	0.092127	0.35157	0.84617	0.352	0.352	0	0	0	0	0	0	0	0	0	0	0	0	0	0	0	0	0	0	0	0	0	0	0	0	0	0	0	0	0	0	0	2.2018	0	0	0	10.316	0
25.671	24.023	40.938	0.119	0.505	0.301	0.154	0.15219	0.38911	0	0	0	0	0	0	0	1.4204	1.2702	0.89426	0	0	0	0	0	0	0	0	2	1	0	0.21618	0.19332	0	0	0	0	0.25409	0.36705	0	1	2	0.26441	0.38447	0.94165	0.15219	0.38911	0.99176	0.322	0.469	0	0	0	0	0	1	2	0.318	0.30608	0.67972	0.21618	0.25409	0.98393	0.146	0.322	0	0	0	0	0	1	1	0.19332	0.36705	0.99491	0.10406	0.36524	0.99343	0.381	0.381	0	0	0	0	0	0	0	0	0	0	0	0	0	0	0	0	0	0	0	0	0	0	0	0	0	0	0	0	0	0	0	3.8201	1	0	0	10.691	0
21.808	24.071	166.7	0.089	0.409	0.278	0.159	0.1516	0.39024	0	0	0	0	0	0	0	0	0	0	0	0	0	0	0	0	0	0	2	1	0	0	0	0	0	0	0	0	0	0	1	2	0.30973	0.38374	0.97401	0.1516	0.39024	0.97599	0.352	0.439	0	0	0	0	0	1	1	0.236	0.43095	0.95488	0.12973	0.42618	0.97917	0.469	0.469	0	0	0	0	0	1	1	0.63344	0.1551	0.77619	0.078436	0.34766	0.20944	0.322	0.322	0	0	0	0	0	0	0	0	0	0	0	0	0	0	0	0	0	0	0	0	0	0	0	0	0	0	0	0	0	0	0	1.9038	0	0	0	8.3269	0
26.857	24.13	74.324	0.079	0.352	0.285	0.029	0	0	0	0	0	0	0	0	0	0	0	0	0	0	0	0	0	0	0	0	1	0	0	0.22438	0	0	0	0	0	0.38314	0	0	1	1	0.25962	0.3816	0.94845	0.14517	0.38275	0.98594	0.352	0.352	0	0	0	0	0	1	1	0.22438	0.38314	0.98167	0.12499	0.38656	0.87669	0.381	0.381	0	0	0	0	0	1	1	0.24909	0.36009	0.91761	0.1316	0.36488	0.96056	0.322	0.322	0	0	0	0	0	0	0	0	0	0	0	0	0	0	0	0	0	0	0	0	0	0	0	0	0	0	0	0	0	0	0	1.0652	0	0	0	6.4565	0
29.545	24.23	128.22	0.161	0.501	0.41	0.478	0	0	0	0	0	0	0	0	0	0	0	0	0	0	0	0	0	0	0	0	1	0	0	0	0	0	0	0	0	0	0	0	1	1	0.43412	0.4666	0.97553	0.22128	0.46122	0.9275	0.469	0.469	0	0	0	0	0	1	1	0.31016	0.4031	0.94829	0.16144	0.39728	0.96862	0.439	0.439	0	0	0	0	0	1	2	0.64	0.57395	0.33624	0.40023	0.38544	0.32386	0.322	0.498	0	0	0	0	0	0	0	0	0	0	0	0	0	0	0	0	0	0	0	0	0	0	0	0	0	0	0	0	0	0	0	11.17	1	0	0	18.394	0
29.959	24.114	90	0.015	0.198	0.099	0.088	0	0	0	0	0	0	0	0	0	0	0	0.34126	1	0	0	0	0	0	0	0	0	0	0	0.073986	0.21681	0	0	0	0	0.36324	0.28724	0	1	3	0	0	0	0	0	0	0	0	0.117	0.117	0.2345	0.3515	0	1	2	0.070173	0.39004	0.66055	0.073986	0.36324	0.92995	0.293	0.41	0	0	0	0	0	1	2	0.36648	0.18544	0.92207	0.21681	0.28724	0.96833	0.146	0.381	0	0	0	0	0	0	0	0	0	0	0	0	0	0	0	0	0	0	0	0	0	0	0	0	0	0	0	0	0	0	1	5.5556	1	0	0	20.389	0
18.617	24.385	103.94	0.219	0.641	0.435	0	0.20176	0.33474	0	0	0	0	0	0	0	1.0283	0.70457	0.68519	0	0	0	0	0	0	0	0	2	1	0	0.20747	0.14215	0	0	0	0	0.4269	0.38284	0	1	2	0.37441	0.36466	0.92417	0.20176	0.33474	0.98515	0.264	0.381	0	0	0	0	0	1	1	0.20747	0.4269	0.9953	0.070772	0.44836	0.93424	0.439	0.439	0	0	0	0	0	1	2	0.24502	0.40497	0.97481	0.14215	0.38284	0.97706	0.322	0.439	0	0	0	0	0	0	0	0	0	0	0	0	0	0	0	0	0	0	0	0	0	0	0	0	0	0	0	0	0	0	0	4.8235	1	0	0	9.4745	0
9.924	25.404	153.68	0.755	1.225	0.785	3.235	0.21999	0.24498	0	0	0	0	0	0	0	0	0.93481	0	0	0	0	0	0	0	0	0	1	0	1	0	0.20565	0	0	0	0	0	0.3172	0	1	1	0.21999	0.24498	0.98851	0.076891	0.27193	0.95251	0.293	0.293	0	0	0	0	0	1	0	0	0	0	0	0	0	0	0	0	0	0	0	0	1	1	0.20565	0.3172	0.98033	0.11819	0.31795	0.99891	0.293	0.293	0	0	0	0	0	0	0	0	0	0	0	0	0	0	0	0	0	0	0	0	0	0	0	0	0	0	0	0	0	0	0	5.0057	1	0	0	10.283	0
28.41	25.376	12.054	1.726	1.676	1.311	7.097	0	0	0	0	0	0	0	0	0	0	0	0	0	0	0	0	0	0	0	0	0	0	0	0	0	0	0	0	0	0	0	0	1	0	0	0	0	0	0	0	0	0	0	0	0	0	0	1	1	0.28227	0.645	0.49817	0.24343	0.52329	-1.6277	0.674	0.674	0	0	0	0	0	1	1	0.28042	0.18643	0.94081	0.11971	0.2074	0.87933	0.176	0.176	0	0	0	0	0	0	0	0	0	0	0	0	0	0	0	0	0	0	0	0	0	0	0	0	0	0	0	0	0	0	1	3.4552	1	0	0	10.797	0
29.935	24.509	90	0.02	0.159	0.158	0.029	0	0	0	0	0	0	0	0	0	0	0	0.65872	1	0	0	0	0	0	0	0	1	0	0	0.146	0.096173	0	0	0	0	0.337	0.3735	0	1	1	0.14994	0.35459	0.90687	0.099735	0.37312	0.93809	0.41	0.41	0	0	0	0	0	1	2	0.26235	0.30518	0.57142	0.14946	0.34395	0.75813	0.264	0.41	0	0	0	0	0	1	2	0.1454	0.35264	0.93662	0.096173	0.3735	0.97659	0.352	0.41	0	0	0	0	0	0	0	0	0	0	0	0	0	0	0	0	0	0	0	0	0	0	0	0	0	0	0	0	0	0	1	4.1304	1	0	0	8.6957	0
25.904	24.57	11.17	0.025	0.196	0.162	0.059	0.15254	0.3884	0	0	0	0	0	0	0	0.69808	1.0702	0.65228	1	0	0	0	0	0	0	0	1	0	1	0.10649	0.16325	0	0	0	0	0.33796	0.37597	0	1	1	0.15254	0.3884	0.98757	0.088149	0.37942	0.96061	0.381	0.381	0	0	0	0	0	1	2	0.18576	0.35458	0.91632	0.10649	0.33796	0.97554	0.293	0.381	0	0	0	0	0	1	1	0.16325	0.37597	0.9863	0.10176	0.37114	0.96624	0.381	0.381	0	0	0	0	0	0	0	0	0	0	0	0	0	0	0	0	0	0	0	0	0	0	0	0	0	0	0	0	0	0	0	0.65517	0	0	0	2.6897	0
19.78	24.83	25.666	0.041	0.32	0.164	0.171	0	0	0	0	0	0	0	0	0	0	0	0	1	0	0	0	0	0	0	0	1	0	0	0	0	0	0	0	0	0	0	0	1	1	0.64	0.645	0.31658	0.12527	0.41096	0.21418	0.439	0.439	0	0	0	0	0	1	1	0.17227	0.37862	0.87149	0.095063	0.37955	0.81308	0.352	0.352	0	0	0	0	0	1	2	0.56912	0.645	0.43315	0.099258	0.44023	0.15134	0.381	0.469	0	0	0	0	0	0	0	0	0	0	0	0	0	0	0	0	0	0	0	0	0	0	0	0	0	0	0	0	0	0	0	1.2917	0	0	0	3.7292	0
25.441	24.9	19.97	0.118	0.634	0.238	0.63	0.13037	0.41469	0	0	0	0	0	0	0	1.2738	0	0	0	0	0	0	0	0	0	0	2	1	0	0.16606	0	0	0	0	0	0.36983	0	0	1	2	0.23414	0.40666	0.97118	0.13037	0.41469	0.9968	0.381	0.469	0	0	0	0	0	1	1	0.16606	0.36983	0.99728	0.08992	0.36992	0.99091	0.381	0.381	0	0	0	0	0	1	1	0.17507	0.35358	0.97368	0.065739	0.36733	0.95654	0.381	0.381	0	0	0	0	0	0	0	0	0	0	0	0	0	0	0	0	0	0	0	0	0	0	0	0	0	0	0	0	0	0	0	0.71739	0	0	0	5.8986	0
20.296	24.937	100.29	0.088	0.414	0.269	0.283	0	0	0	0	0	0	0	0	0	0	0	0	0	0	0	0	0	0	0	0	0	0	0	0	0	0	0	0	0	0	0	0	1	3	0	0	0	0	0	0	0	0	0.175	0.147	0.3515	0.5125	0	1	4	0	0	0	0	0	0	0	0	0.059	0.176	0.3515	0.586	0	1	3	0	0	0	0	0	0	0	0	0.175	0.059	0.3515	0.4685	0	0	0	0	0	0	0	0	0	0	0	0	0	0	0	0	0	0	0	0	0	0	0	0	0	0	0	1.7745	0	0	0	8.6078	0
23.163	25.175	28.475	0.152	0.734	0.264	0.537	0	0	0	0	0	0	0	0	0	0	0	0	0	0	0	0	0	0	0	0	1	0	0	0.17563	0	0	0	0	0	0.3757	0	0	1	1	0.23589	0.36949	0.97223	0.077172	0.39257	0.94641	0.41	0.41	0	0	0	0	0	1	1	0.17563	0.3757	0.99679	0.098147	0.3764	0.99228	0.381	0.381	0	0	0	0	0	1	2	0.52573	0.146	0.79483	0.28631	0.28915	-1.9858e+51	0.205	0.41	0	0	0	0	0	0	0	0	0	0	0	0	0	0	0	0	0	0	0	0	0	0	0	0	0	0	0	0	0	0	0	1.1017	0	0	0	7.3955	0
7.851	25.334	47.864	0.167	0.838	0.254	0.532	0.10284	0.39443	0	0	0	0	0	0	0	1.4283	0	0	0	0	0	0	0	0	0	0	2	1	0	0.14689	0	0	0	0	0	0.35583	0	0	1	2	0.18843	0.39569	0.9856	0.10284	0.39443	0.99702	0.381	0.439	0	0	0	0	0	1	1	0.14689	0.35583	0.99891	0.075699	0.35554	0.99261	0.352	0.352	0	0	0	0	0	1	1	0.51591	0.645	0.8141	0.22312	0.53307	0.84344	0.41	0.41	0	0	0	0	0	0	0	0	0	0	0	0	0	0	0	0	0	0	0	0	0	0	0	0	0	0	0	0	0	0	0	9.1436	1	0	0	10.615	0
19.558	25.066	0	0.008	0.099	0.099	0.059	0	0	0	0	0	0	0	0	0	0	0	0	1	0	0	0	0	0	0	0	0	0	0	0	0	0	0	0	0	0	0	0	1	0	0	0	0	0	0	0	0	0	0	0	0	0	0	1	0	0	0	0	0	0	0	0	0	0	0	0	0	0	1	1	0.15981	0.39375	0.52672	0.086458	0.41766	0.22926	0.469	0.469	0	0	0	0	0	0	0	0	0	0	0	0	0	0	0	0	0	0	0	0	0	0	0	0	0	0	0	0	0	0	0	1.7778	0	0	0	4.6667	0
24.325	25.287	48.025	0.045	0.261	0.218	0.029	0.16946	0.36319	0	0	0	0	0	0	0	0.74578	0.91992	0.8107	1	0	0	0	0	0	0	0	1	0	1	0.12638	0.15589	0	0	0	0	0.37117	0.36857	0	1	1	0.16946	0.36319	0.99304	0.087297	0.36228	0.99091	0.352	0.352	0	0	0	0	0	1	1	0.12638	0.37117	0.98971	0.075821	0.37677	0.98234	0.352	0.352	0	0	0	0	0	1	1	0.15589	0.36857	0.98735	0.091795	0.36996	0.99493	0.352	0.352	0	0	0	0	0	0	0	0	0	0	0	0	0	0	0	0	0	0	0	0	0	0	0	0	0	0	0	0	0	0	0	0.69231	0	0	0	3.0385	0
0.487	25.453	125.74	0.05	0.407	0.156	0.312	0.15061	0.3934	0	0	0	0	0	0	0	0.8209	0	0	1	0	0	0	0	0	0	0	1	0	1	0.12363	0	0	0	0	0	0.42622	0	0	1	1	0.15061	0.3934	0.99736	0.087164	0.39068	0.98438	0.381	0.381	0	0	0	0	0	1	1	0.12363	0.42622	0.99312	0.060299	0.42698	-Inf	0.439	0.439	0	0	0	0	0	1	0	0	0	0	0	0	0	0	0	0	0	0	0	0	0	0	0	0	0	0	0	0	0	0	0	0	0	0	0	0	0	0	0	0	0	0	0	0	0	0	0.82759	0	0	0	3.931	0
11.321	25.621	154.25	0.272	1.187	0.292	0.878	0	0	0	0	0	0	0	0	0	0	0	0	0	0	0	0	0	0	0	0	1	0	0	0	0	0	0	0	0	0	0	0	1	1	0.23065	0.39606	0.97068	0.12808	0.39883	0.99576	0.439	0.439	0	0	0	0	0	1	1	0.16636	0.41863	0.95114	0.086993	0.42063	0.92161	0.439	0.439	0	0	0	0	0	1	1	0.13181	0.42954	0.9086	0.035875	0.4254	0.82845	0.41	0.41	0	0	0	0	0	0	0	0	0	0	0	0	0	0	0	0	0	0	0	0	0	0	0	0	0	0	0	0	0	0	0	3.9811	1	0	0	9.7224	0
21.21	26.11	84.384	0.47	0.807	0.742	1.949	0.22821	0.27561	0	0	0	0	0	0	0	0.78596	0	0	0	0	0	0	0	0	0	0	2	1	0	0.17937	0	0	0	0	0	0.55532	0	0	1	2	0.38298	0.28903	0.93616	0.22821	0.27561	0.9922	0.205	0.352	0	0	0	0	0	1	2	0.26921	0.645	0.9827	0.17937	0.55532	0.9435	0.615	0.703	0	0	0	0	0	1	1	0.22285	0.6211	0.74224	0.097587	0.59621	0.54047	0.615	0.615	0	0	0	0	0	0	0	0	0	0	0	0	0	0	0	0	0	0	0	0	0	0	0	0	0	0	0	0	0	0	0	4.3759	1	0	0	9.7464	0
22.783	25.591	45	0.019	0.163	0.148	0.537	0	0	0	0	0	0	0	0	0	0	0	0	1	0	0	0	0	0	0	0	1	0	0	0	0	0	0	0	0	0	0	0	1	1	0.14338	0.38778	0.94374	0.073047	0.38256	0.90391	0.41	0.41	0	0	0	0	0	1	1	0.13381	0.38826	0.89942	0.064777	0.38952	0.83117	0.41	0.41	0	0	0	0	0	1	1	0.14716	0.37484	0.90873	0.076664	0.37614	0.85634	0.381	0.381	0	0	0	0	0	0	0	0	0	0	0	0	0	0	0	0	0	0	0	0	0	0	0	0	0	0	0	0	0	0	0	0.95455	0	0	0	6.1818	0
12.749	25.79	171.61	0.279	1.448	0.245	1.164	0.19197	0.38967	0	0	0	0	0	0	0	0.83752	0	0	0	0	0	0	0	0	0	0	1	0	1	0.16078	0	0	0	0	0	0.44143	0	0	1	1	0.19197	0.38967	0.99321	0.10267	0.38988	0.9954	0.381	0.381	0	0	0	0	0	1	1	0.16078	0.44143	0.99357	0.089122	0.44167	0.99421	0.469	0.469	0	0	0	0	0	1	1	0.14104	0.4819	0.62313	0.069092	0.47986	0.36602	0.469	0.469	0	0	0	0	0	0	0	0	0	0	0	0	0	0	0	0	0	0	0	0	0	0	0	0	0	0	0	0	0	0	0	8.5662	1	0	0	10.046	0
2.878	25.779	9.799	0.09	0.41	0.28	0.029	0	0	0	0	0	0	0	0	0	0	0	0	0	0	0	0	0	0	0	0	0	0	0	0	0.18079	0	0	0	0	0	0.40109	0	1	3	0	0	0	0	0	0	0	0	0.087	0.264	0.3955	0.571	0	1	1	0.46229	0.645	0.57695	0.26969	0.51016	-Inf	0.381	0.381	0	0	0	0	0	1	1	0.18079	0.40109	0.99524	0.09566	0.39823	0.96721	0.381	0.381	0	0	0	0	0	0	0	0	0	0	0	0	0	0	0	0	0	0	0	0	0	0	0	0	0	0	0	0	0	0	0	2.7048	0	0	0	9.5238	0
4.07	26.909	15.333	6.361	4.824	1.679	19.297	0	0	0	0	0	0	0	0	0	0	0	0	0	0	0	0	0	0	0	0	0	0	0	0	0	0	0	0	0	0	0	0	1	0	0	0	0	0	0	0	0	0	0	0	0	0	0	1	1	0.3108	0.48874	0.97111	0.17105	0.48674	0.97667	0.469	0.469	0	0	0	0	0	1	0	0	0	0	0	0	0	0	0	0	0	0	0	0	0	0	0	0	0	0	0	0	0	0	0	0	0	0	0	0	0	0	0	0	0	0	0	0	0	1	6.5204	1	0	0	14.358	0
0.977	26.15	2.206	0.994	2.098	0.603	4.172	0	0	0	0	0	0	0	0	0	0	0	0	0	0	0	0	0	0	0	0	0	0	0	0.27173	0	0	0	0	0	0.50409	0	0	1	3	0	0	0	0	0	0	0	0	0.205	0.147	0.3075	0.4835	0	1	2	0.21336	0.37969	0.71334	0.27173	0.50409	0.96843	0.381	0.645	0	0	0	0	0	1	4	0	0	0	0	0	0	0	0	0.088	0.235	0.308	0.5565	0	0	0	0	0	0	0	0	0	0	0	0	0	0	0	0	0	0	0	0	0	0	0	0	0	0	1	4.1908	1	0	0	13.473	0
19.571	27.262	140.16	2.506	1.902	1.678	10.112	0	0	0	0	0	0	0	0	0	0	0	0	0	0	0	0	0	0	0	0	0	0	0	0	0	0	0	0	0	0	0	0	1	3	0	0	0	0	0	0	0	0	0.235	0.087	0.2345	0.3955	0	1	3	0	0	0	0	0	0	0	0	0.088	0.351	0.22	0.4395	0	1	3	0	0	0	0	0	0	0	0	0.147	0.175	0.1905	0.3515	0	0	0	0	0	0	0	0	0	0	0	0	0	0	0	0	0	0	0	0	0	0	0	0	0	0	0	4.8462	1	0	0	15.443	0
28.965	26.432	23.794	0.59	2.536	0.296	2.427	0	0	0	0	0	0	0	0	0	0	0	0.36653	0	0	0	0	0	0	0	0	1	0	0	0.04	0.10913	0	0	0	0	0.20232	0.3367	0	1	1	0.19737	0.41724	0.96822	0.10744	0.42372	0.99607	0.469	0.469	0	0	0	0	0	1	1	0.04	0.20232	0.9827	0.019645	0.20229	0.70344	0.205	0.205	0	0	0	0	0	1	2	0.20659	0.32991	0.98927	0.10913	0.3367	0.99543	0.293	0.381	0	0	0	0	0	0	0	0	0	0	0	0	0	0	0	0	0	0	0	0	0	0	0	0	0	0	0	0	0	0	1	5.4847	1	0	0	12.722	0
22.222	26.497	109.01	0.285	1.434	0.253	1.147	0.22533	0.39737	0	0	0	0	0	0	0	0	0.4687	0	0	0	0	0	0	0	0	0	1	0	1	0	0.10561	0	0	0	0	0	0.43658	0	1	1	0.22533	0.39737	0.99108	0.12022	0.39889	0.99155	0.41	0.41	0	0	0	0	0	1	1	0.1315	0.41273	0.90155	0.076797	0.41101	0.85443	0.41	0.41	0	0	0	0	0	1	2	0.18848	0.42306	0.98958	0.10561	0.43658	0.98852	0.41	0.469	0	0	0	0	0	0	0	0	0	0	0	0	0	0	0	0	0	0	0	0	0	0	0	0	0	0	0	0	0	0	0	2.8946	0	0	0	9.1777	0
25.508	26.009	49.658	0.045	0.333	0.174	0.154	0.15883	0.39572	0	0	0	0	0	0	0	0.80949	0.97507	0.83019	1	0	0	0	0	0	0	0	1	0	1	0.12857	0.15487	0	0	0	0	0.38929	0.37596	0	1	1	0.15883	0.39572	0.99864	0.080938	0.39071	0.98405	0.381	0.381	0	0	0	0	0	1	1	0.12857	0.38929	0.99601	0.067774	0.3884	0.9881	0.381	0.381	0	0	0	0	0	1	1	0.15487	0.37596	0.99738	0.082867	0.37507	0.98488	0.352	0.352	0	0	0	0	0	0	0	0	0	0	0	0	0	0	0	0	0	0	0	0	0	0	0	0	0	0	0	0	0	0	0	0.5283	0	0	0	4.3585	0
13.861	26.437	6.577	2.159	5.392	0.51	9.447	0.205	0.2195	0	0	0	0	0	0	0	0	0	0	0	0	0	0	0	0	0	0	2	1	0	0	0	0	0	0	0	0	0	0	1	2	0.33406	0.146	0.96824	0.19587	0.26474	0.73671	0.117	0.322	0	0	0	0	0	1	1	0.2292	0.44363	0.96645	0.12157	0.43792	0.98648	0.439	0.439	0	0	0	0	0	1	1	0.20548	0.50302	0.49559	0.12106	0.49978	0.15906	0.498	0.498	0	0	0	0	0	0	0	0	0	0	0	0	0	0	0	0	0	0	0	0	0	0	0	0	0	0	0	0	0	0	0	4.4207	1	0	0	12.36	0
26.35	26.353	88.656	0.082	0.47	0.221	0.159	0.16467	0.37905	0	0	0	0	0	0	0	0.96053	1.031	0.93164	0	0	0	0	0	0	0	0	1	0	1	0.15818	0.16978	0	0	0	0	0.37442	0.38394	0	1	1	0.16467	0.37905	0.99469	0.063576	0.36683	0.91626	0.352	0.352	0	0	0	0	0	1	1	0.15818	0.37442	0.99413	0.08325	0.37098	0.99313	0.352	0.352	0	0	0	0	0	1	1	0.16978	0.38394	0.98973	0.088102	0.38574	0.98447	0.41	0.41	0	0	0	0	0	0	0	0	0	0	0	0	0	0	0	0	0	0	0	0	0	0	0	0	0	0	0	0	0	0	0	2.3789	0	0	0	8.4421	0
10.442	26.302	179.16	0.076	0.325	0.296	0.029	0.14423	0.4374	0	0	0	0	0	0	0	0.78055	1.4039	0.55598	0	0	0	0	0	0	0	0	2	1	0	0.11258	0.20249	0	0	0	0	0.4042	0.42986	0	1	2	0.23841	0.43373	0.94744	0.14423	0.4374	0.99125	0.439	0.527	0	0	0	0	0	1	2	0.20164	0.41459	0.97164	0.11258	0.4042	0.99203	0.352	0.41	0	0	0	0	0	1	1	0.20249	0.42986	0.98493	0.11097	0.42876	0.94422	0.439	0.439	0	0	0	0	0	0	0	0	0	0	0	0	0	0	0	0	0	0	0	0	0	0	0	0	0	0	0	0	0	0	0	4.2614	1	0	0	8.2273	0
11.28	26.372	6.374	0.093	0.401	0.295	0.878	0.15546	0.40963	0	0	0	0	0	0	0	1.0616	0.92846	0.87458	0	0	0	0	0	0	0	0	2	1	0	0.16503	0.14433	0	0	0	0	0.37649	0.39935	0	1	2	0.26886	0.38958	0.9075	0.15546	0.40963	0.99446	0.322	0.469	0	0	0	0	0	1	1	0.16503	0.37649	0.99839	0.091916	0.37632	0.99418	0.352	0.352	0	0	0	0	0	1	2	0.28016	0.41206	0.81019	0.14433	0.39935	0.92371	0.352	0.439	0	0	0	0	0	0	0	0	0	0	0	0	0	0	0	0	0	0	0	0	0	0	0	0	0	0	0	0	0	0	0	1.8333	0	0	0	21.204	0
25.142	26.47	154.01	0.178	0.876	0.258	0.607	0.22091	0.41988	0	0	0	0	0	0	0	0.7158	0	0	0	0	0	0	0	0	0	0	1	0	1	0.15812	0	0	0	0	0	0.40835	0	0	1	1	0.22091	0.41988	0.99267	0.11813	0.41941	0.99647	0.41	0.41	0	0	0	0	0	1	1	0.15812	0.40835	0.99788	0.077389	0.40807	0.98384	0.41	0.41	0	0	0	0	0	1	1	0.1504	0.37073	0.95898	0.076801	0.36724	0.95377	0.352	0.352	0	0	0	0	0	0	0	0	0	0	0	0	0	0	0	0	0	0	0	0	0	0	0	0	0	0	0	0	0	0	0	2.8406	0	0	0	9.1401	0
29.959	26.443	0	0.008	0.099	0.099	0.059	0	0	0	0	0	0	0	0	0	0	0	0	1	0	0	0	0	0	0	0	2	0	0	0	0	0	0	0	0	0	0	0	1	2	0.14578	0.37262	0.73274	0.09722	0.36041	0.64197	0.293	0.381	0	0	0	0	0	1	1	0.13668	0.36368	0.73938	0.10037	0.34869	0.67317	0.293	0.293	0	0	0	0	0	1	2	0.14935	0.37243	0.70558	0.092306	0.37634	0.55803	0.293	0.352	0	0	0	0	0	0	0	0	0	0	0	0	0	0	0	0	0	0	0	0	0	0	0	0	0	0	0	0	0	0	1	1.3333	0	0	0	7.7778	0
25.813	26.546	45.001	0.029	0.206	0.18	0.041	0.16903	0.37146	0	0	0	0	0	0	0	0.70486	0.90943	0.77506	1	0	0	0	0	0	0	0	1	0	1	0.11915	0.15372	0	0	0	0	0.37261	0.36983	0	1	1	0.16903	0.37146	0.9811	0.092254	0.36617	0.95918	0.381	0.381	0	0	0	0	0	1	1	0.11915	0.37261	0.99244	0.062671	0.36882	0.96704	0.352	0.352	0	0	0	0	0	1	1	0.15372	0.36983	0.99801	0.078143	0.37361	0.98654	0.352	0.352	0	0	0	0	0	0	0	0	0	0	0	0	0	0	0	0	0	0	0	0	0	0	0	0	0	0	0	0	0	0	0	0.52941	0	0	0	3.0294	0
29.157	27.322	51.572	0.779	1.493	0.664	2.952	0	0	0	0	0	0	0	0	0	0	0	0	0	0	0	0	0	0	0	0	0	0	0	0	0.14562	0	0	0	0	0	0.33396	0	1	3	0	0	0	0	0	0	0	0	0.235	0.264	0.2635	0.513	0	1	1	0.44003	0.28873	0.57533	0.023828	0.29484	0.10452	0.322	0.322	0	0	0	0	0	1	2	0.26938	0.30996	0.96478	0.14562	0.33396	0.98853	0.293	0.381	0	0	0	0	0	0	0	0	0	0	0	0	0	0	0	0	0	0	0	0	0	0	0	0	0	0	0	0	0	0	0	2.9107	0	0	0	7.5391	0
8.233	26.648	0	0.01	0.132	0.099	0.088	0	0	0	0	0	0	0	0	0	0	0	0	1	0	0	0	0	0	0	0	1	0	0	0	0	0	0	0	0	0	0	0	1	1	0.10185	0.34368	0.47724	0.059657	0.33373	-0.25164	0.322	0.322	0	0	0	0	0	1	0	0	0	0	0	0	0	0	0	0	0	0	0	0	1	1	0.10677	0.34941	0.60625	0.05979	0.34143	0.35037	0.352	0.352	0	0	0	0	0	0	0	0	0	0	0	0	0	0	0	0	0	0	0	0	0	0	0	0	0	0	0	0	0	0	0	1.9167	0	0	0	3.9167	0
15.134	26.752	163.01	0.068	0.481	0.179	0.329	0	0	0	0	0	0	0	0	0	0	0	0	0	0	0	0	0	0	0	0	1	0	0	0	0	0	0	0	0	0	0	0	1	1	0.17658	0.4135	0.72146	0.090519	0.41377	0.53467	0.439	0.439	0	0	0	0	0	1	0	0	0	0	0	0	0	0	0	0	0	0	0	0	1	1	0.12103	0.42073	0.88584	0.066529	0.42403	0.81447	0.439	0.439	0	0	0	0	0	0	0	0	0	0	0	0	0	0	0	0	0	0	0	0	0	0	0	0	0	0	0	0	0	0	0	0.46835	0	0	0	4.443	0
8.223	27.312	175.19	1.891	4.372	0.551	7.233	0	0	0	0	0	0	0	0	0	0	0	0	0	0	0	0	0	0	0	0	0	0	0	0	0.22758	0	0	0	0	0	0.25979	0	1	3	0	0	0	0	0	0	0	0	0.117	0.234	0.4105	0.586	0	1	1	0.26185	0.47964	0.97839	0.14112	0.47968	0.97371	0.498	0.498	0	0	0	0	0	1	2	0.40315	0.24804	0.9171	0.22758	0.25979	0.98333	0.146	0.293	0	0	0	0	0	0	0	0	0	0	0	0	0	0	0	0	0	0	0	0	0	0	0	0	0	0	0	0	0	0	0	6.0236	1	0	0	12.255	0
15.613	27.215	9.203	0.538	1.409	0.486	1.644	0.24176	0.42486	0	0	0	0	0	0	0	0.194	0.65674	0.2954	0	0	0	0	0	0	0	0	2	1	0	0.0469	0.15877	0	0	0	0	0.24331	0.33413	0	1	2	0.43843	0.45971	0.69219	0.24176	0.42486	0.94879	0.234	0.469	0	0	0	0	0	1	2	0.16261	0.23459	0.98887	0.0469	0.24331	0.99353	0.117	0.264	0	0	0	0	0	1	2	0.26591	0.34272	0.93054	0.15877	0.33413	0.99563	0.293	0.41	0	0	0	0	0	0	0	0	0	0	0	0	0	0	0	0	0	0	0	0	0	0	0	0	0	0	0	0	0	0	0	3.4545	1	0	0	10.421	0
4.574	26.983	33.317	0.061	0.352	0.22	0.2	0.18279	0.37164	0	0	0	0	0	0	0	0	0.5808	0	0	0	0	0	0	0	0	0	1	0	1	0	0.10617	0	0	0	0	0	0.41682	0	1	1	0.18279	0.37164	0.99521	0.098752	0.37779	0.95388	0.352	0.352	0	0	0	0	0	1	1	0.11965	0.39034	0.93475	0.065615	0.38896	0.88837	0.381	0.381	0	0	0	0	0	1	2	0.19317	0.41323	0.98775	0.10617	0.41682	0.99571	0.381	0.469	0	0	0	0	0	0	0	0	0	0	0	0	0	0	0	0	0	0	0	0	0	0	0	0	0	0	0	0	0	0	0	0.71831	0	0	0	6.5211	0
29.91	27.045	90.597	0.053	0.31	0.219	0.029	0.088	0.425	0	0	0	0	0	1	0	2.6705	0	0	0	0	0	0	0	0	0	0	2	1	0	0.235	0	0	0	0	0	0.3515	0	0	1	2	0.18901	0.37657	0.88899	0.098099	0.41101	0.87817	0.381	0.469	0	0	0	0	0	1	2	0.097163	0.42683	0.14567	0.27973	0.28586	0.89431	0.234	0.469	0	0	0	0	0	1	1	0.17263	0.39231	0.4681	0.086307	0.40071	0.75743	0.439	0.439	0	0	0	0	0	0	0	0	0	0	0	0	0	0	0	0	0	0	0	0	0	0	0	0	0	0	0	0	0	0	1	3.2419	0	0	0	8.8226	0
27.051	28.006	129.31	1.029	1.344	0.975	0.029	0	0	0	0	0	0	0	0	0	0	0	0	0	0	0	0	0	0	0	0	0	0	0	0	0	0	0	0	0	0	0	0	1	0	0	0	0	0	0	0	0	0	0	0	0	0	0	1	0	0	0	0	0	0	0	0	0	0	0	0	0	0	1	0	0	0	0	0	0	0	0	0	0	0	0	0	0	0	0	0	0	0	0	0	0	0	0	0	0	0	0	0	0	0	0	0	0	0	0	0	0	0	0	6.3061	1	0	0	11.863	0
20.942	27.062	166.89	0.042	0.271	0.198	0.354	0	0	0	0	0	0	0	0	0	0	0	0	1	0	0	0	0	0	0	0	1	0	0	0	0	0	0	0	0	0	0	0	1	1	0.46882	0.26482	0.75846	0.27199	0.282	0.91756	0.322	0.322	0	0	0	0	0	1	1	0.35072	0.32421	0.58048	0.17262	0.34662	0.62358	0.41	0.41	0	0	0	0	0	1	0	0	0	0	0	0	0	0	0	0	0	0	0	0	0	0	0	0	0	0	0	0	0	0	0	0	0	0	0	0	0	0	0	0	0	0	0	0	0	0	2.4082	0	0	0	11.388	0
1.612	27.172	1.361	0.16	0.822	0.247	0.598	0.11553	0.34793	0	0	0	0	0	0	0	1.0127	0	0	0	0	0	0	0	0	0	0	2	1	0	0.117	0	0	0	0	0	0.3515	0	0	1	2	0.20532	0.36425	0.94341	0.11553	0.34793	0.97797	0.322	0.41	0	0	0	0	0	1	2	0.48984	0.146	0.87851	0.24952	0.27076	0.76306	0.293	0.41	0	0	0	0	0	1	1	0.19381	0.39366	0.69749	0.099361	0.39854	0.49312	0.41	0.41	0	0	0	0	0	0	0	0	0	0	0	0	0	0	0	0	0	0	0	0	0	0	0	0	0	0	0	0	0	0	0	4.5645	1	0	0	10.704	0
21.167	27.366	53.986	0.209	0.684	0.388	0.354	0.25243	0.31483	0	0	0	0	0	0	0	0	0	0	0	0	0	0	0	0	0	0	2	1	0	0	0	0	0	0	0	0	0	0	1	2	0.4304	0.36265	0.88645	0.25243	0.31483	0.9695	0.205	0.381	0	0	0	0	0	1	1	0.16529	0.33623	0.76421	0.085515	0.34439	0.6126	0.322	0.322	0	0	0	0	0	1	4	0	0	0	0	0	0	0	0	0.088	0.234	0.161	0.498	0	0	0	0	0	0	0	0	0	0	0	0	0	0	0	0	0	0	0	0	0	0	0	0	0	0	0	5.4074	1	0	0	20.132	0
24.321	28.348	154.86	1.137	2.799	0.517	3.732	0	0	0	0	0	0	0	0	0	0	0	0.84079	0	0	0	0	0	0	0	0	0	0	0	0.17017	0.2024	0	0	0	0	0.43716	0.5305	0	1	3	0	0	0	0	0	0	0	0	0.176	0.147	0.234	0.3955	0	1	1	0.17017	0.43716	0.9906	0.039961	0.4282	0.9269	0.41	0.41	0	0	0	0	0	1	1	0.2024	0.5305	0.99849	0.026128	0.52026	0.9276	0.527	0.527	0	0	0	0	0	0	0	0	0	0	0	0	0	0	0	0	0	0	0	0	0	0	0	0	0	0	0	0	0	0	0	3.4083	1	0	0	10.137	0
17.319	27.722	2.614	0.968	2.567	0.48	3.736	0	0	0	0	0	0	0	0	0	0	0	0	0	0	0	0	0	0	0	0	0	0	0	0	0	0	0	0	0	0	0	0	1	3	0	0	0	0	0	0	0	0	0.088	0.205	0.425	0.5715	0	1	2	0.26041	0.22781	0.46351	0.15071	0.22136	-0.33381	0.205	0.264	0	0	0	0	0	1	1	0.20122	0.32304	0.75618	0.10385	0.32954	0.71899	0.322	0.322	0	0	0	0	0	0	0	0	0	0	0	0	0	0	0	0	0	0	0	0	0	0	0	0	0	0	0	0	0	0	0	2.5679	0	0	0	8.2591	0
27.747	27.408	156.2	0.07	0.3	0.295	0.029	0.1441	0.3953	0	0	0	0	0	0	0	0	1.4585	0	0	0	0	0	0	0	0	0	2	1	0	0	0.21018	0	0	0	0	0	0.4138	0	1	2	0.26197	0.41046	0.96261	0.1441	0.3953	0.99721	0.352	0.439	0	0	0	0	0	1	1	0.29122	0.38081	0.93491	0.15389	0.38461	0.94681	0.381	0.381	0	0	0	0	0	1	1	0.21018	0.4138	0.98586	0.11179	0.40992	0.99367	0.381	0.381	0	0	0	0	0	0	0	0	0	0	0	0	0	0	0	0	0	0	0	0	0	0	0	0	0	0	0	0	0	0	0	3.1358	0	0	0	11.444	0
21.918	29.034	121.46	1.383	1.704	1.034	0.041	0	0	0	0	0	0	0	0	0	0	0	0	0	0	0	0	0	0	0	0	0	0	0	0.19604	0	0	0	0	0	0.24402	0	0	1	3	0	0	0	0	0	0	0	0	0.087	0.088	0.3955	0.483	0	1	2	0.42683	0.18907	0.98933	0.19604	0.24402	0.98679	0.205	0.322	0	0	0	0	0	1	1	0.04	0.43406	-0.44483	0.069762	0.43076	-0.8706	0.674	0.674	0	0	0	0	0	0	0	0	0	0	0	0	0	0	0	0	0	0	0	0	0	0	0	0	0	0	0	0	0	0	1	4.2483	1	0	0	12.208	0
0.237	27.607	19.461	0.12	0.487	0.314	0.2	0	0	0	0	0	0	0	0	0	0	0	0.85084	0	0	0	0	0	0	0	0	1	0	0	0.16467	0.19353	0	0	0	0	0.36711	0.41017	0	1	1	0.26237	0.37295	0.95632	0.15507	0.38236	0.99253	0.352	0.352	0	0	0	0	0	1	1	0.16467	0.36711	0.99844	0.08999	0.36946	0.98979	0.381	0.381	0	0	0	0	0	1	1	0.19353	0.41017	0.99406	0.1087	0.40473	0.98068	0.41	0.41	0	0	0	0	0	0	0	0	0	0	0	0	0	0	0	0	0	0	0	0	0	0	0	0	0	0	0	0	0	0	1	2.9571	0	0	0	10.807	0
27.37	27.55	9.484	0.04	0.242	0.212	0.029	0.117	0.3805	0	0	0	0	0	0	0	1.3999	0	0	1	0	0	0	0	0	0	0	2	1	0	0.16379	0	0	0	0	0	0.34739	0	0	1	2	0.22459	0.35618	0.73665	0.13821	0.35674	0.8844	0.322	0.439	0	0	0	0	0	1	1	0.16379	0.34739	0.99087	0.085625	0.34486	0.97346	0.352	0.352	0	0	0	0	0	1	1	0.44603	0.21416	0.82838	0.091101	0.33164	0.42131	0.322	0.322	0	0	0	0	0	0	0	0	0	0	0	0	0	0	0	0	0	0	0	0	0	0	0	0	0	0	0	0	0	0	0	2.9149	0	0	0	8.4681	0
21.005	27.848	170.6	0.042	0.332	0.161	0.217	0	0	0	0	0	0	0	0	0	0	0	0	1	0	0	0	0	0	0	0	1	0	0	0	0.117	0	0	0	0	0	0.4685	0	1	1	0.51125	0.645	0.85555	0	0.645	0.90137	0.498	0.498	0	0	0	0	0	1	3	0	0	0	0	0	0	0	0	0.087	0.118	0.3955	0.498	0	1	2	0.4481	0.64202	0.86568	0.23133	0.52934	0.89197	0.41	0.527	0	0	0	0	0	0	0	0	0	0	0	0	0	0	0	0	0	0	0	0	0	0	0	0	0	0	0	0	0	0	0	3	0	0	0	11.653	0
22.083	27.986	120.97	0.088	0.448	0.249	0.141	0.23149	0.40349	0	0	0	0	0	0	0	0.86623	0.45474	0.52496	0	0	0	0	0	0	0	0	1	0	1	0.20052	0.10527	0	0	0	0	0.37348	0.40349	0	1	1	0.23149	0.40349	0.98124	0.076323	0.43201	0.94071	0.439	0.439	0	0	0	0	0	1	1	0.20052	0.37348	0.99257	0.10905	0.37014	0.98162	0.352	0.352	0	0	0	0	0	1	2	0.19961	0.38716	0.97987	0.10527	0.40349	0.99836	0.381	0.439	0	0	0	0	0	0	0	0	0	0	0	0	0	0	0	0	0	0	0	0	0	0	0	0	0	0	0	0	0	0	0	4.1765	1	0	0	10.441	0
18.521	28.414	72.315	0.481	1.214	0.504	1.713	0.24159	0.37256	0	0	0	0	0	0	0	0	0.24007	0	0	0	0	0	0	0	0	0	2	1	0	0	0.058	0	0	0	0	0	0.293	0	1	2	0.49046	0.37214	0.92866	0.24159	0.37256	0.95609	0.322	0.469	0	0	0	0	0	1	2	0.2685	0.52781	-0.21929	0.41281	0.3524	0.5768	0.293	0.586	0	0	0	0	0	1	2	0.33818	0.30775	0.87344	0.12893	0.30373	0.81295	0.264	0.322	0	0	0	0	0	0	0	0	0	0	0	0	0	0	0	0	0	0	0	0	0	0	0	0	0	0	0	0	0	0	0	1.6875	0	0	0	7.1839	0
11.045	28.087	174.66	0.191	0.643	0.377	0.293	0	0	0	0	0	0	0	0	0	0	0	0	0	0	0	0	0	0	0	0	1	0	0	0	0	0	0	0	0	0	0	0	1	1	0.34933	0.42783	0.90948	0.18486	0.42641	0.97626	0.498	0.498	0	0	0	0	0	1	2	0.5081	0.58649	0.36881	0.12381	0.43165	0.34426	0.381	0.469	0	0	0	0	0	1	3	0	0	0	0	0	0	0	0	0.118	0.205	0.293	0.4545	0	0	0	0	0	0	0	0	0	0	0	0	0	0	0	0	0	0	0	0	0	0	0	0	0	0	0	0.94595	0	0	0	3.2117	0
17.427	28.909	150.07	0.898	2.054	0.557	4.269	0.36626	0.40937	0	0	0	0	0	0	0	0	0	0	0	0	0	0	0	0	0	0	2	1	0	0	0	0	0	0	0	0	0	0	1	2	0.33753	0.5887	0.93491	0.36626	0.40937	0.99493	0.234	0.586	0	0	0	0	0	1	1	0.22578	0.39009	0.96889	0.1234	0.3822	0.99142	0.381	0.381	0	0	0	0	0	1	1	0.23751	0.4349	0.73263	0.1359	0.43337	0.56367	0.469	0.469	0	0	0	0	0	0	0	0	0	0	0	0	0	0	0	0	0	0	0	0	0	0	0	0	0	0	0	0	0	0	0	3.9484	1	0	0	13.364	0
29.868	28.726	97.017	0.19	1.079	0.224	0.869	0.18387	0.37575	0	0	0	0	0	0	0	0.94912	0	0	0	0	0	0	0	0	0	0	1	0	1	0.17451	0	0	0	0	0	0.37596	0	0	1	1	0.18387	0.37575	0.98897	0.10009	0.37615	0.99531	0.381	0.381	0	0	0	0	0	1	1	0.17451	0.37596	0.98359	0.10422	0.36765	0.99216	0.381	0.381	0	0	0	0	0	1	1	0.098574	0.4317	0.95634	0.05578	0.4284	0.97093	0.439	0.439	0	0	0	0	0	0	0	0	0	0	0	0	0	0	0	0	0	0	0	0	0	0	0	0	0	0	0	0	0	0	1	3.2896	0	0	0	10.308	0
18.972	28.655	90	0.015	0.198	0.099	0.088	0	0	0	0	0	0	0	0	0	0	0	0	1	0	0	0	0	0	0	0	1	0	0	0	0	0	0	0	0	0	0	0	1	1	0.39957	0.1476	0.62037	0.055307	0.17365	0.31484	0.205	0.205	0	0	0	0	0	1	1	0.27586	0.27677	-3.4731e+53	0.12073	0.38104	-0.53862	0.117	0.117	0	0	0	0	0	1	1	0.40887	0.146	0.78016	0.023681	0.15784	0.49608	0.205	0.205	0	0	0	0	0	0	0	0	0	0	0	0	0	0	0	0	0	0	0	0	0	0	0	0	0	0	0	0	0	0	0	0.83333	0	0	0	3	0
18.826	28.809	90.72	0.049	0.409	0.152	0.229	0.235	0.2345	0	0	0	0	0	0	0	0	0.97864	0	1	0	0	0	0	0	0	0	2	1	0	0	0.22998	0	0	0	0	0	0.26099	0	1	2	0.55427	0.146	0.93516	0.30765	0.29983	0.74335	0.117	0.352	0	0	0	0	0	1	3	0	0	0	0	0	0	0	0	0.206	0.175	0.249	0.4395	0	1	2	0.4089	0.27786	0.65736	0.22998	0.26099	0.94264	0.146	0.352	0	0	0	0	0	0	0	0	0	0	0	0	0	0	0	0	0	0	0	0	0	0	0	0	0	0	0	0	0	0	0	0.96491	0	0	0	4.2632	0
21.947	28.979	144.01	0.107	0.384	0.356	0.041	0.17924	0.41449	0	0	0	0	0	0	0	0.70885	0	0	0	0	0	0	0	0	0	0	2	1	0	0.12706	0	0	0	0	0	0.40031	0	0	1	2	0.3209	0.4127	0.94631	0.17924	0.41449	0.9894	0.352	0.439	0	0	0	0	0	1	2	0.23571	0.40635	0.97264	0.12706	0.40031	0.99099	0.352	0.439	0	0	0	0	0	1	2	0.21614	0.38734	0.81656	0.10442	0.39809	0.6415	0.117	0.381	0	0	0	0	0	0	0	0	0	0	0	0	0	0	0	0	0	0	0	0	0	0	0	0	0	0	0	0	0	0	0	3.416	1	0	0	9.016	0
20.806	28.984	93.253	0.035	0.354	0.127	0.217	0	0	0	0	0	0	0	0	0	0	0	0	1	0	0	0	0	0	0	0	1	0	0	0	0	0	0	0	0	0	0	0	1	1	0.16775	0.43197	0.58096	0.082198	0.42957	-2.5858e+51	0.439	0.439	0	0	0	0	0	1	0	0	0	0	0	0	0	0	0	0	0	0	0	0	1	0	0	0	0	0	0	0	0	0	0	0	0	0	0	0	0	0	0	0	0	0	0	0	0	0	0	0	0	0	0	0	0	0	0	0	0	0	0	0	0	0.82927	0	0	0	4.5366	0
20.046	29.153	165.64	0.231	0.641	0.458	0.512	0	0	0	0	0	0	0	0	0	0	0	0	0	0	0	0	0	0	0	0	1	0	0	0	0.16581	0	0	0	0	0	0.4127	0	1	1	0.47563	0.43665	0.87554	0.23342	0.43664	0.84005	0.381	0.381	0	0	0	0	0	1	1	0.62274	0.25888	0.54539	0.16463	0.29348	0.43963	0.352	0.352	0	0	0	0	0	1	2	0.27447	0.37694	0.93092	0.16581	0.4127	0.96571	0.352	0.469	0	0	0	0	0	0	0	0	0	0	0	0	0	0	0	0	0	0	0	0	0	0	0	0	0	0	0	0	0	0	0	5.6654	1	0	0	12.584	0
29.292	29.332	92.193	0.071	0.508	0.179	0.317	0.13781	0.42028	0	0	0	0	0	0	0	0.63772	0.92589	0.68876	0	0	0	0	0	0	0	0	1	0	1	0.087886	0.1276	0	0	0	0	0.3344	0.36436	0	1	1	0.13781	0.42028	0.98961	0.079162	0.41593	0.96693	0.439	0.439	0	0	0	0	0	1	2	0.15745	0.34152	0.98773	0.087886	0.3344	0.98147	0.322	0.381	0	0	0	0	0	1	1	0.1276	0.36436	0.99112	0.074681	0.36173	0.98499	0.381	0.381	0	0	0	0	0	0	0	0	0	0	0	0	0	0	0	0	0	0	0	0	0	0	0	0	0	0	0	0	0	0	0	0.91566	0	0	0	5.2651	0
19.28	29.579	13.527	0.367	0.861	0.542	1.232	0	0	0	0	0	0	0	0	0	0	0	0	0	0	0	0	0	0	0	0	1	0	0	0	0	0	0	0	0	0	0	0	1	1	0.31512	0.391	0.95386	0.17255	0.38929	0.99402	0.322	0.322	0	0	0	0	0	1	3	0	0	0	0	0	0	0	0	0.117	0.117	0.3515	0.4685	0	1	5	0	0	0	0	0	0	0	0	0	0	0	0	0	0	0	0	0	0	0	0	0	0	0	0	0	0	0	0	0	0	0	0	0	0	0	0	0	0	1	4.7471	1	0	0	14.881	0
16.954	29.717	155.06	0.252	1.079	0.298	1.032	0	0	0	0	0	0	0	0	0	0	0	0	0	0	0	0	0	0	0	0	1	0	0	0.1765	0	0	0	0	0	0.45549	0	0	1	1	0.23336	0.3776	0.97488	0.13218	0.38025	0.99811	0.352	0.352	0	0	0	0	0	1	1	0.1765	0.45549	0.98935	0.1051	0.45037	0.96369	0.469	0.469	0	0	0	0	0	1	3	0	0	0	0	0	0	0	0	0.176	0.088	0.469	0.601	0	0	0	0	0	0	0	0	0	0	0	0	0	0	0	0	0	0	0	0	0	0	0	0	0	0	1	4.8571	1	0	0	11.398	0
24.592	29.75	109.88	0.185	0.626	0.377	0.205	0	0	0	0	0	0	0	0	0	0	0	0.72673	0	0	0	0	0	0	0	0	1	0	0	0.1991	0.14469	0	0	0	0	0.39756	0.4366	0	1	1	0.29493	0.38688	0.90795	0.17471	0.3901	0.98675	0.322	0.322	0	0	0	0	0	1	1	0.1991	0.39756	0.99622	0.046192	0.37877	-1.0173e+51	0.381	0.381	0	0	0	0	0	1	2	0.15377	0.50512	0.95715	0.14469	0.4366	0.97312	0.381	0.498	0	0	0	0	0	0	0	0	0	0	0	0	0	0	0	0	0	0	0	0	0	0	0	0	0	0	0	0	0	0	1	4.9722	1	0	0	10.546	0
28.536	29.608	54.72	0.029	0.225	0.165	0.041	0.16204	0.37155	0	0	0	0	0	0	0	0.80837	0.50135	0.6202	1	0	0	0	0	0	0	0	1	0	1	0.13099	0.08124	0	0	0	0	0.36311	0.37518	0	1	1	0.16204	0.37155	0.99775	0.088278	0.37118	0.99387	0.352	0.352	0	0	0	0	0	1	1	0.13099	0.36311	0.99503	0.068092	0.36007	0.99675	0.352	0.352	0	0	0	0	0	1	2	0.15689	0.37231	0.99319	0.08124	0.37518	0.99635	0.352	0.41	0	0	0	0	0	0	0	0	0	0	0	0	0	0	0	0	0	0	0	0	0	0	0	0	0	0	0	0	0	0	0	0.44118	0	0	0	5.2059	0
2.534	29.666	45.001	0.02	0.174	0.145	0	0.13532	0.38534	0	0	0	0	0	0	0	0.94547	0.95336	0.99172	1	0	0	0	0	0	0	0	1	0	1	0.12794	0.12901	0	0	0	0	0.37843	0.39222	0	1	1	0.13532	0.38534	0.99664	0.073087	0.38123	0.99799	0.381	0.381	0	0	0	0	0	1	1	0.12794	0.37843	0.98724	0.072018	0.37226	0.99493	0.352	0.352	0	0	0	0	0	1	1	0.12901	0.39222	0.99926	0.066298	0.39001	0.99373	0.381	0.381	0	0	0	0	0	0	0	0	0	0	0	0	0	0	0	0	0	0	0	0	0	0	0	0	0	0	0	0	0	0	0	0.52174	0	0	0	5.9565	0
18.392	29.745	5.928	0.072	0.467	0.197	0.483	0	0	0	0	0	0	0	0	0	0	0	0	0	0	0	0	0	0	0	0	1	0	0	0	0.146	0	0	0	0	0	0.454	0	1	1	0.21017	0.40927	0.77477	0.12217	0.39302	0.89595	0.439	0.439	0	0	0	0	0	1	2	0.15154	0.32756	0.012651	0.096021	0.32839	-0.047976	0.322	0.674	0	0	0	0	0	1	2	0.23356	0.37974	0.8893	0.10501	0.40585	0.82282	0.381	0.527	0	0	0	0	0	0	0	0	0	0	0	0	0	0	0	0	0	0	0	0	0	0	0	0	0	0	0	0	0	0	0	2.1786	0	0	0	11.69	0
2.388	29.949	0	0.015	0.157	0.126	0	0.205	0.3365	0	0	0	0	0	0	0	0	0	0	1	0	0	0	0	0	0	0	2	1	0	0	0	0	0	0	0	0	0	0	1	2	0.15401	0.36472	0.52368	0.19387	0.30115	0.84791	0.234	0.439	0	0	0	0	0	1	4	0	0	0	0	0	0	0	0	0.058	0.117	0.205	0.3805	0	1	1	0.099624	0.40108	0.91781	0.069801	0.39294	0.94567	0.439	0.439	0	0	0	0	0	0	0	0	0	0	0	0	0	0	0	0	0	0	0	0	0	0	0	0	0	0	0	0	0	0	1	0.5	0	0	0	6.7222	0
0.703	29.959	0	0.01	0.132	0.099	0.088	0	0	0	0	0	0	0	0	0	0	0	0	1	0	0	0	0	0	0	0	1	0	0	0.07739	0	0	0	0	0	0.35672	0	0	1	1	0.098053	0.36818	0.93051	0.07346	0.36149	0.97384	0.41	0.41	0	0	0	0	0	1	2	0.15218	0.33649	0.96284	0.07739	0.35672	0.97493	0.293	0.381	0	0	0	0	0	1	1	0.074429	0.38779	0.9113	0.064667	0.3671	0.90245	0.41	0.41	0	0	0	0	0	0	0	0	0	0	0	0	0	0	0	0	0	0	0	0	0	0	0	0	0	0	0	0	0	0	1	1.9167	0	0	0	9.6667	0
17.785	29.959	0	0.01	0.132	0.099	0.088	0.205	0.2785	0	0	0	0	0	0	0	0	1.1463	0	1	0	0	0	0	0	0	0	2	1	0	0	0.235	0	0	0	0	0	0.2635	0	1	2	0.098429	0.36799	0.83256	0.22194	0.25697	0.82742	0.176	0.381	0	0	0	0	0	1	3	0	0	0	0	0	0	0	0	0.117	0.088	0.2345	0.337	0	1	2	0.096681	0.37011	0.81979	0.22402	0.25801	0.88699	0.146	0.381	0	0	0	0	0	0	0	0	0	0	0	0	0	0	0	0	0	0	0	0	0	0	0	0	0	0	0	0	0	0	1	3.8333	1	0	0	18.25	0
18.02	29.959	0	0.01	0.132	0.099	0.088	0	0	0	0	0	0	0	0	0	0	0	0	1	0	0	0	0	0	0	0	1	0	0	0	0	0	0	0	0	0	0	0	1	1	0.098381	0.36949	0.94053	0.069689	0.36008	0.96874	0.381	0.381	0	0	0	0	0	1	3	0	0	0	0	0	0	0	0	0.117	0.088	0.2345	0.337	0	1	1	0.097127	0.36923	0.933	0.073177	0.3584	0.97344	0.381	0.381	0	0	0	0	0	0	0	0	0	0	0	0	0	0	0	0	0	0	0	0	0	0	0	0	0	0	0	0	0	0	1	4.3333	1	0	0	18.833	0
18.781	29.959	0	0.01	0.132	0.099	0.088	0	0	0	0	0	0	0	0	0	0	0	0	1	0	0	0	0	0	0	0	1	0	0	0.234	0	0	0	0	0	0.293	0	0	1	1	0.10014	0.36557	0.92033	0.075131	0.34575	0.96864	0.41	0.41	0	0	0	0	0	1	2	0.10025	0.36585	0.81406	0.21989	0.25594	0.75763	0.176	0.41	0	0	0	0	0	1	1	0.099131	0.36689	0.91364	0.075598	0.3472	0.95526	0.41	0.41	0	0	0	0	0	0	0	0	0	0	0	0	0	0	0	0	0	0	0	0	0	0	0	0	0	0	0	0	0	0	1	3	0	0	0	15.5	0
