1	1	0.210955	0.33328	0.954702	0.0868277	0.317433	0.96094	0.293	0.293	0	0	0	0
1	1	0.15913	0.347867	0.9965	0.0848971	0.345669	0.987139	0.352	0.352	0	0	0	0
1	1	0.176856	0.394932	0.988658	0.0944342	0.395113	0.989387	0.41	0.41	0	0	0	0
1	1	0.188867	0.367421	0.992537	0.010405	0.365439	0.923686	0.381	0.381	0	0	0	0
1	1	0.199259	0.327043	0.982728	0.104764	0.312775	0.995741	0.264	0.264	0	0	0	0
1	1	0.193097	0.403767	0.988315	0.105957	0.415561	0.996625	0.469	0.469	0	0	0	0
1	1	0.25043	0.439376	0.989678	0.137331	0.439865	0.979173	0.439	0.439	0	0	0	0
1	2	0.20486	0.439893	0.989761	0.123732	0.464889	0.992139	0.41	0.498	0	0	0	0
1	1	0.175378	0.396328	0.982075	0.0197689	0.391283	-5.13408e+51	0.381	0.381	0	0	0	0
1	1	0.262112	0.443469	0.949965	0.145428	0.433971	0.994884	0.469	0.469	0	0	0	0
1	2	0.248854	0.442839	0.950751	0.146709	0.451842	0.999502	0.381	0.527	0	0	0	0
1	1	0.275597	0.428624	0.918237	0.149035	0.439749	0.991123	0.498	0.498	0	0	0	0
1	1	0.193765	0.390628	0.984132	0.108649	0.389735	0.997246	0.381	0.381	0	0	0	0
1	1	0.261819	0.410957	0.951703	0.14591	0.409381	0.974068	0.439	0.439	0	0	0	0
1	1	0.16316	0.387433	0.213688	0.0875772	0.358303	0.273966	0.381	0.381	0	0	0	0
1	1	0.0970998	0.369264	0.931745	0.073395	0.360626	0.972598	0.41	0.41	0	0	0	0
1	2	0.149455	0.386531	0.837846	0.0871025	0.390129	0.769769	0.293	0.41	0	0	0	0
1	2	0.188472	0.393057	0.978327	0.136032	0.452751	0.99187	0.381	0.527	0	0	0	0
1	1	0.200441	0.404071	0.989649	0.0645343	0.382517	0.940605	0.381	0.381	0	0	0	0
1	1	0.188452	0.412634	0.974626	0.0972415	0.410217	0.964129	0.381	0.381	0	0	0	0
1	4	0	0	0	0	0	0	0	0	0.059	0.235	0.3225	0.5565
1	1	0.261137	0.417841	0.959341	0.0020767	0.414072	0.878689	0.41	0.41	0	0	0	0
1	2	0.199698	0.416051	0.627888	0.113596	0.415119	0.371356	0.352	0.469	0	0	0	0
1	2	0.444194	0.164188	0.681139	0.260386	0.301409	0.632668	0.322	0.41	0	0	0	0
1	0	0	0	0	0	0	0	0	0	0	0	0	0
1	2	0.208901	0.645	0.463141	0.441777	0.424112	0.93743	0.205	0.645	0	0	0	0
1	1	0.191975	0.377003	0.980136	0.0736315	0.359516	0.953666	0.352	0.352	0	0	0	0
1	1	0.133974	0.399078	0.995222	0.0684059	0.40239	0.992142	0.41	0.41	0	0	0	0
1	1	0.271445	0.424636	0.975588	0.150224	0.418149	0.950627	0.41	0.41	0	0	0	0
1	1	0.223466	0.389939	0.807552	0.110267	0.410009	0.670615	0.439	0.439	0	0	0	0
1	3	0	0	0	0	0	0	0	0	0.088	0.117	0.425	0.5275
1	1	0.424185	0.146	0.359356	0.0869212	0.378938	0.345312	0.41	0.41	0	0	0	0
1	1	0.162139	0.391298	0.592665	0.103694	0.399589	0.321815	0.381	0.381	0	0	0	0
1	1	0.422543	0.554674	0.958516	0.211706	0.539147	0.986947	0.586	0.586	0	0	0	0
1	1	0.141415	0.393961	0.99535	0.0746886	0.396732	0.980986	0.41	0.41	0	0	0	0
1	1	0.178324	0.362541	0.992176	0.0568375	0.348484	0.9439	0.352	0.352	0	0	0	0
1	1	0.149272	0.423269	0.98471	0.079593	0.424607	0.989189	0.439	0.439	0	0	0	0
1	2	0.235587	0.476828	0.917656	0.139107	0.47638	0.993882	0.41	0.527	0	0	0	0
1	1	0.135563	0.364868	0.796131	0.0789027	0.368632	0.659177	0.352	0.352	0	0	0	0
1	1	0.244303	0.3674	0.967973	0.133753	0.370646	0.986073	0.352	0.352	0	0	0	0
1	3	0	0	0	0	0	0	0	0	0.088	0.117	0.249	0.3515
1	2	0.350035	0.150668	0.935327	0.240447	0.273722	0.988485	0.146	0.381	0	0	0	0
1	3	0	0	0	0	0	0	0	0	0.264	0.117	0.425	0.6155
1	1	0.122431	0.386237	0.92634	0.0744721	0.388913	0.97565	0.41	0.41	0	0	0	0
1	1	0.154345	0.373805	0.305153	0.0884754	0.36989	0.28929	0.381	0.381	0	0	0	0
1	2	0.230038	0.382875	0.941359	0.138117	0.377685	0.998973	0.322	0.41	0	0	0	0
1	2	0.335777	0.213575	0.985174	0.166832	0.229416	0.995312	0.176	0.234	0	0	0	0
1	3	0	0	0	0	0	0	0	0	0.117	0.147	0.3515	0.4835
1	2	0.154113	0.173908	0.619132	0.302352	0.323104	0.919404	0.176	0.469	0	0	0	0
1	2	0.246616	0.393198	0.919332	0.135572	0.394997	0.912511	0.352	0.41	0	0	0	0
1	1	0.218061	0.370007	0.818924	0.119651	0.364845	0.673003	0.381	0.381	0	0	0	0
1	1	0.250334	0.345459	0.947096	0.140748	0.340463	0.955865	0.352	0.352	0	0	0	0
1	1	0.285092	0.174196	0.96483	0.111158	0.201579	0.939946	0.176	0.176	0	0	0	0
1	1	0.154222	0.364615	0.715872	0.0830017	0.386255	0.93041	0.439	0.439	0	0	0	0
1	3	0	0	0	0	0	0	0	0	0.176	0.117	0.381	0.5275
1	2	0.64	0.585258	-0.973056	0.199527	0.531106	-1.46699	0.439	0.615	0	0	0	0
1	1	0.169977	0.404767	0.949111	0.0902009	0.406258	0.957241	0.41	0.41	0	0	0	0
1	1	0.199031	0.391875	0.988422	0.113941	0.390218	0.98098	0.41	0.41	0	0	0	0
1	3	0	0	0	0	0	0	0	0	0.088	0.088	0.337	0.425
1	1	0.231301	0.379382	0.981506	0.129046	0.385444	0.997893	0.381	0.381	0	0	0	0
1	2	0.317609	0.626763	-0.147471	0.485075	0.388537	0.918285	0.146	0.645	0	0	0	0
1	3	0	0	0	0	0	0	0	0	0.088	0.147	0.161	0.2785
1	1	0.193215	0.376532	0.980818	0.10441	0.372161	0.966898	0.352	0.352	0	0	0	0
1	1	0.208866	0.394772	0.455416	0.108344	0.394354	0.724669	0.41	0.41	0	0	0	0
1	3	0	0	0	0	0	0	0	0	0.059	0.058	0.3225	0.381
1	1	0.195206	0.404106	0.982241	0.102364	0.405207	0.96293	0.41	0.41	0	0	0	0
1	1	0.193052	0.38317	0.630627	0.109896	0.385235	0.375901	0.381	0.381	0	0	0	0
1	0	0	0	0	0	0	0	0	0	0	0	0	0
1	1	0.208355	0.359434	0.669166	0.113956	0.375122	0.446159	0.352	0.352	0	0	0	0
1	2	0.142476	0.386722	0.246873	0.0840029	0.418709	0.299815	0.381	0.469	0	0	0	0
1	3	0	0	0	0	0	0	0	0	0.205	0.088	0.3665	0.513
1	1	0.242278	0.329096	0.994811	0.130779	0.326456	0.974139	0.322	0.322	0	0	0	0
1	3	0	0	0	0	0	0	0	0	0.088	0.205	0.161	0.3075
1	3	0	0	0	0	0	0	0	0	0.118	0.117	0.205	0.3225
1	1	0.53385	0.561898	0.977551	0.266203	0.511899	0.73605	0.557	0.557	0	0	0	0
1	1	0.139741	0.438403	0.616417	0.0700653	0.437658	0.360788	0.439	0.439	0	0	0	0
1	1	0.123494	0.425276	0.86867	0.0807006	0.409067	0.946948	0.439	0.439	0	0	0	0
1	1	0.176626	0.349308	0.729377	0.0814389	0.354019	0.533826	0.352	0.352	0	0	0	0
1	1	0.109954	0.415425	0.312907	0.0586386	0.419912	-0.676994	0.41	0.41	0	0	0	0
1	1	0.478187	0.212052	0.523913	0.114217	0.373411	0.512419	0.381	0.381	0	0	0	0
1	1	0.521591	0.146	0.565042	0.0848991	0.381016	0.218632	0.381	0.381	0	0	0	0
1	1	0.345303	0.410557	0.938431	0.180141	0.409996	0.927664	0.41	0.41	0	0	0	0
1	1	0.225967	0.384192	0.937908	0.125157	0.381592	0.982934	0.352	0.352	0	0	0	0
1	2	0.228635	0.398717	0.873662	0.136111	0.433526	0.828175	0.352	0.498	0	0	0	0
1	1	0.308614	0.420942	0.960304	0.176015	0.433686	0.969067	0.41	0.41	0	0	0	0
1	2	0.264748	0.267046	0.913598	0.146278	0.274097	0.961958	0.205	0.352	0	0	0	0
1	3	0	0	0	0	0	0	0	0	0.176	0.146	0.205	0.366
1	2	0.170248	0.398784	0.972658	0.106744	0.397316	0.994492	0.352	0.439	0	0	0	0
1	1	0.174337	0.409475	0.980121	0.0520837	0.42214	0.899693	0.381	0.381	0	0	0	0
1	4	0	0	0	0	0	0	0	0	0.206	0.059	0.249	0.4685
1	2	0.089597	0.40933	-0.354232	0.258519	0.51574	0.926246	0.41	0.674	0	0	0	0
1	2	0.165411	0.394894	0.574352	0.0909677	0.3693	0.657885	0.41	0.703	0	0	0	0
1	6	0	0	0	0	0	0	0	0	0	0	0	0
1	2	0.341044	0.464362	0.730374	0.23831	0.525845	0.944613	0.439	0.615	0	0	0	0
1	1	0.171033	0.370109	0.991201	0.0903309	0.371534	0.984628	0.352	0.352	0	0	0	0
1	3	0	0	0	0	0	0	0	0	0.088	0.146	0.337	0.454
1	6	0	0	0	0	0	0	0	0	0	0	0	0
1	2	0.202348	0.391402	0.979547	0.107223	0.379291	0.986634	0.322	0.41	0	0	0	0
1	1	0.126135	0.364749	0.972092	0.0632025	0.373275	0.973871	0.41	0.41	0	0	0	0
1	4	0	0	0	0	0	0	0	0	0.117	0.146	0.2635	0.542
1	2	0.195485	0.421316	0.90137	0.102299	0.441656	0.956813	0.41	0.469	0	0	0	0
1	4	0	0	0	0	0	0	0	0	0.088	0.117	0.19	0.3805
1	5	0	0	0	0	0	0	0	0	0	0	0	0
1	2	0.64	0.518553	-0.601783	0.498589	0.395706	-0.172477	0.322	0.41	0	0	0	0
1	1	0.219109	0.375493	0.882726	0.128818	0.372703	0.870163	0.381	0.381	0	0	0	0
1	1	0.575371	0.645	0.738693	0.228977	0.530512	0.696474	0.439	0.439	0	0	0	0
1	3	0	0	0	0	0	0	0	0	0.146	0.059	0.337	0.4395
1	1	0.549144	0.645	0.45795	0.0904453	0.414537	0.160829	0.469	0.469	0	0	0	0
1	2	0.271419	0.412268	0.624029	0.140363	0.39611	0.835186	0.381	0.439	0	0	0	0
1	2	0.64	0.22795	0.0718623	0.142736	0.404314	0.172247	0.352	0.439	0	0	0	0
1	2	0.121623	0.405602	0.946159	0.106357	0.356151	0.981631	0.293	0.41	0	0	0	0
1	1	0.173683	0.375942	0.990212	0.0987029	0.383953	0.993575	0.381	0.381	0	0	0	0
1	2	0.439075	0.146	0.930467	0.215331	0.253666	0.994694	0.146	0.322	0	0	0	0
1	3	0	0	0	0	0	0	0	0	0.176	0.205	0.234	0.4245
1	3	0	0	0	0	0	0	0	0	0.176	0.058	0.264	0.381
1	4	0	0	0	0	0	0	0	0	0.263	0.088	0.3075	0.601
1	1	0.428475	0.344877	0.29007	0.131131	0.399163	0.104502	0.352	0.352	0	0	0	0
1	2	0.379506	0.357789	0.713619	0.292664	0.292332	0.976148	0.205	0.41	0	0	0	0
1	1	0.256156	0.414048	0.874818	0.12038	0.398565	0.856768	0.381	0.381	0	0	0	0
1	2	0.426808	0.59327	0.920156	0.240357	0.494338	0.916026	0.381	0.645	0	0	0	0
1	3	0	0	0	0	0	0	0	0	0.088	0.264	0.337	0.513
1	3	0	0	0	0	0	0	0	0	0.176	0.117	0.205	0.3515
1	4	0	0	0	0	0	0	0	0	0.088	0.147	0.249	0.5125
1	4	0	0	0	0	0	0	0	0	0.088	0.147	0.22	0.3955
1	4	0	0	0	0	0	0	0	0	0.088	0.117	0.425	0.6155
1	3	0	0	0	0	0	0	0	0	0.117	0.088	0.2345	0.337
1	1	0.22265	0.401137	0.976754	0.118241	0.397723	0.989015	0.381	0.381	0	0	0	0
1	2	0.338584	0.462089	0.825984	0.184535	0.472718	0.91216	0.41	0.498	0	0	0	0
1	2	0.21494	0.389108	0.818474	0.1174	0.40395	0.726554	0.352	0.439	0	0	0	0
1	3	0	0	0	0	0	0	0	0	0.352	0.088	0.41	0.63
1	5	0	0	0	0	0	0	0	0	0	0	0	0
1	4	0	0	0	0	0	0	0	0	0.088	0.059	0.19	0.4685
1	1	0.159546	0.393915	0.84358	0.086718	0.392226	0.748828	0.41	0.41	0	0	0	0
1	1	0.229434	0.383958	0.501442	0.136754	0.356695	0.190993	0.293	0.293	0	0	0	0
1	1	0.18387	0.353578	0.945286	0.0921274	0.351568	0.846169	0.352	0.352	0	0	0	0
1	1	0.193316	0.367045	0.994911	0.104057	0.365242	0.99343	0.381	0.381	0	0	0	0
1	1	0.633436	0.155098	0.77619	0.0784357	0.347663	0.209439	0.322	0.322	0	0	0	0
1	1	0.249089	0.360092	0.917608	0.131604	0.364875	0.960563	0.322	0.322	0	0	0	0
1	2	0.64	0.573951	0.336235	0.40023	0.385436	0.323862	0.322	0.498	0	0	0	0
1	2	0.366483	0.185436	0.922069	0.216806	0.287244	0.96833	0.146	0.381	0	0	0	0
1	2	0.245018	0.404971	0.974813	0.142153	0.38284	0.977056	0.322	0.439	0	0	0	0
1	1	0.205647	0.3172	0.980333	0.118193	0.317948	0.998906	0.293	0.293	0	0	0	0
1	1	0.280424	0.186432	0.94081	0.119705	0.207401	0.879328	0.176	0.176	0	0	0	0
1	2	0.145398	0.352641	0.936616	0.0961732	0.373499	0.976587	0.352	0.41	0	0	0	0
1	1	0.163254	0.375974	0.986298	0.10176	0.371141	0.966239	0.381	0.381	0	0	0	0
1	2	0.569119	0.645	0.433146	0.0992583	0.440234	0.151341	0.381	0.469	0	0	0	0
1	1	0.175066	0.353585	0.973679	0.0657389	0.367327	0.956536	0.381	0.381	0	0	0	0
1	3	0	0	0	0	0	0	0	0	0.175	0.059	0.3515	0.4685
1	2	0.525735	0.146	0.794835	0.286308	0.289154	-1.98585e+51	0.205	0.41	0	0	0	0
1	1	0.515914	0.645	0.814105	0.223122	0.533068	0.843444	0.41	0.41	0	0	0	0
1	1	0.159806	0.393745	0.526715	0.0864576	0.417661	0.229258	0.469	0.469	0	0	0	0
1	1	0.155891	0.368571	0.987345	0.0917949	0.36996	0.994931	0.352	0.352	0	0	0	0
1	0	0	0	0	0	0	0	0	0	0	0	0	0
1	1	0.131808	0.429544	0.908602	0.0358753	0.425398	0.828446	0.41	0.41	0	0	0	0
1	1	0.222848	0.621097	0.742239	0.0975872	0.596206	0.540466	0.615	0.615	0	0	0	0
1	1	0.147163	0.37484	0.908726	0.0766641	0.376142	0.856337	0.381	0.381	0	0	0	0
1	1	0.141043	0.481899	0.623127	0.069092	0.479865	0.366019	0.469	0.469	0	0	0	0
1	1	0.180785	0.401094	0.995238	0.0956602	0.398229	0.967211	0.381	0.381	0	0	0	0
1	0	0	0	0	0	0	0	0	0	0	0	0	0
1	4	0	0	0	0	0	0	0	0	0.088	0.235	0.308	0.5565
1	3	0	0	0	0	0	0	0	0	0.147	0.175	0.1905	0.3515
1	2	0.206593	0.329908	0.989272	0.109133	0.336704	0.995432	0.293	0.381	0	0	0	0
1	2	0.188484	0.423058	0.989576	0.105611	0.436581	0.988525	0.41	0.469	0	0	0	0
1	1	0.154866	0.37596	0.99738	0.0828675	0.375075	0.984879	0.352	0.352	0	0	0	0
1	1	0.205476	0.50302	0.495588	0.121064	0.499785	0.159058	0.498	0.498	0	0	0	0
1	1	0.169783	0.383945	0.989732	0.088102	0.38574	0.984473	0.41	0.41	0	0	0	0
1	1	0.202486	0.429865	0.98493	0.110969	0.428758	0.944216	0.439	0.439	0	0	0	0
1	2	0.280159	0.412055	0.810188	0.144335	0.399353	0.923712	0.352	0.439	0	0	0	0
1	1	0.150396	0.370734	0.958977	0.0768012	0.367244	0.953772	0.352	0.352	0	0	0	0
1	2	0.149353	0.372427	0.70558	0.0923062	0.376343	0.558034	0.293	0.352	0	0	0	0
1	1	0.153724	0.369829	0.998006	0.0781432	0.373609	0.98654	0.352	0.352	0	0	0	0
1	2	0.269382	0.309957	0.96478	0.145622	0.333955	0.988527	0.293	0.381	0	0	0	0
1	1	0.106771	0.349405	0.60625	0.05979	0.341435	0.350374	0.352	0.352	0	0	0	0
1	1	0.12103	0.420728	0.885843	0.0665288	0.424032	0.814466	0.439	0.439	0	0	0	0
1	2	0.403148	0.248035	0.917097	0.227583	0.259792	0.983325	0.146	0.293	0	0	0	0
1	2	0.26591	0.342721	0.93054	0.15877	0.334131	0.995632	0.293	0.41	0	0	0	0
1	2	0.193167	0.413233	0.98775	0.106166	0.41682	0.995713	0.381	0.469	0	0	0	0
1	1	0.172628	0.392308	0.468098	0.086307	0.400711	0.757425	0.439	0.439	0	0	0	0
1	0	0	0	0	0	0	0	0	0	0	0	0	0
1	0	0	0	0	0	0	0	0	0	0	0	0	0
1	1	0.193814	0.393659	0.697491	0.0993612	0.398538	0.493122	0.41	0.41	0	0	0	0
1	4	0	0	0	0	0	0	0	0	0.088	0.234	0.161	0.498
1	1	0.202396	0.5305	0.998493	0.0261281	0.520256	0.927601	0.527	0.527	0	0	0	0
1	1	0.201215	0.323038	0.756183	0.103853	0.329544	0.718987	0.322	0.322	0	0	0	0
1	1	0.210178	0.413795	0.985859	0.111788	0.409923	0.993669	0.381	0.381	0	0	0	0
1	1	0.04	0.434058	-0.444828	0.0697624	0.430756	-0.8706	0.674	0.674	0	0	0	0
1	1	0.193534	0.410174	0.994065	0.108696	0.404728	0.980678	0.41	0.41	0	0	0	0
1	1	0.446028	0.214158	0.828381	0.0911007	0.331639	0.42131	0.322	0.322	0	0	0	0
1	2	0.448101	0.642021	0.86568	0.231327	0.529337	0.891974	0.41	0.527	0	0	0	0
1	2	0.199605	0.387163	0.979871	0.105266	0.403491	0.998365	0.381	0.439	0	0	0	0
1	2	0.338175	0.307749	0.873439	0.128929	0.303735	0.812948	0.264	0.322	0	0	0	0
1	3	0	0	0	0	0	0	0	0	0.118	0.205	0.293	0.4545
1	1	0.237513	0.434903	0.732628	0.135904	0.433368	0.563672	0.469	0.469	0	0	0	0
1	1	0.0985741	0.431701	0.956344	0.0557795	0.428402	0.970929	0.439	0.439	0	0	0	0
1	1	0.408868	0.146	0.780157	0.023681	0.15784	0.49608	0.205	0.205	0	0	0	0
1	2	0.408898	0.277864	0.657364	0.22998	0.26099	0.942635	0.146	0.352	0	0	0	0
1	2	0.216143	0.387342	0.816556	0.104419	0.39809	0.641496	0.117	0.381	0	0	0	0
1	0	0	0	0	0	0	0	0	0	0	0	0	0
1	2	0.274474	0.376941	0.930916	0.16581	0.412697	0.965715	0.352	0.469	0	0	0	0
1	1	0.1276	0.36436	0.991118	0.0746812	0.361734	0.984988	0.381	0.381	0	0	0	0
1	5	0	0	0	0	0	0	0	0	0	0	0	0
1	3	0	0	0	0	0	0	0	0	0.176	0.088	0.469	0.601
1	2	0.153772	0.50512	0.957147	0.14469	0.436596	0.97312	0.381	0.498	0	0	0	0
1	2	0.156892	0.372307	0.993188	0.08124	0.375185	0.996345	0.352	0.41	0	0	0	0
1	1	0.129006	0.39222	0.999258	0.0662979	0.390012	0.993727	0.381	0.381	0	0	0	0
1	2	0.233556	0.379737	0.889296	0.105011	0.405849	0.822818	0.381	0.527	0	0	0	0
1	1	0.099624	0.401078	0.917806	0.0698011	0.39294	0.945672	0.439	0.439	0	0	0	0
1	1	0.0744289	0.387791	0.911302	0.0646669	0.367095	0.902446	0.41	0.41	0	0	0	0
1	2	0.0966813	0.37011	0.819792	0.224021	0.258011	0.886987	0.146	0.381	0	0	0	0
1	1	0.0971273	0.369234	0.932997	0.0731766	0.358403	0.973437	0.381	0.381	0	0	0	0
1	1	0.0991313	0.366892	0.913641	0.075598	0.347196	0.955257	0.41	0.41	0	0	0	0
