 	x	1	2	3	4	5	6	7	8	9	10	11	12	13	14	15	16	17	18	19	20	21	22	23	24	25	26	27	28	29	30	31	32	33	34	35	36	37	38	39	40	41	42	43	44
1	0.029	0.000	4.800	0.000	0.000	0.000	0.000	0.000	0.000	0.000	5.542	0.000	0.000	0.000	0.000	0.000	0.000	0.000	0.000	0.000	0.000	0.000	0.000	0.000	0.244	0.000	0.000	7.400	0.000	0.000	0.000	0.000	0.000	0.000	28.437	4.096	7.095	0.000	21.200	0.000	0.000	0.000	14.183	0.000	0.000
2	0.059	0.000	4.500	0.000	0.000	0.000	1.060	0.000	0.000	0.000	6.650	0.000	0.000	0.000	0.000	0.000	0.000	0.000	0.000	0.044	0.000	0.000	0.000	0.000	0.000	0.000	0.000	7.100	0.000	0.000	0.000	0.000	0.000	0.000	29.302	5.801	9.549	0.000	19.100	0.000	0.000	0.000	10.047	0.000	0.000
3	0.088	0.000	5.200	0.000	1.201	0.000	1.080	0.000	0.000	0.000	7.519	0.000	0.000	0.000	0.000	0.000	0.000	0.000	0.000	0.000	0.000	0.061	0.000	0.000	0.000	0.000	0.000	6.800	0.000	0.000	0.000	0.235	0.000	0.000	29.337	8.028	10.979	0.000	14.100	0.000	0.000	0.000	0.865	0.000	0.000
4	0.117	0.000	0.000	0.000	8.115	0.000	1.498	0.000	0.000	0.000	7.471	0.000	0.000	0.000	0.000	0.000	0.000	0.000	0.000	0.000	0.000	0.593	0.000	0.000	0.000	0.000	0.000	7.300	0.000	0.000	0.000	0.243	0.000	0.000	28.311	9.643	10.768	0.000	9.000	0.000	0.000	0.000	0.000	0.000	0.000
5	0.146	0.000	0.000	0.000	11.294	0.000	2.361	0.072	0.000	0.817	8.344	0.000	0.000	0.000	0.000	0.000	0.000	0.000	0.047	0.000	0.000	1.817	0.000	0.000	0.000	0.000	0.100	7.100	0.000	0.000	0.000	0.271	0.013	0.000	25.778	11.467	10.462	0.036	0.000	0.000	0.000	0.000	0.000	0.000	0.000
6	0.176	0.000	0.000	0.000	12.968	0.000	6.041	1.482	0.000	4.022	9.094	0.000	0.000	0.000	0.000	0.000	0.000	0.000	0.193	0.000	0.000	3.168	0.000	0.000	0.193	0.000	0.100	7.300	0.000	0.000	0.000	0.548	1.580	0.000	21.717	12.971	10.499	0.564	0.000	0.000	0.000	0.000	0.007	0.000	0.000
7	0.205	0.074	0.000	0.000	13.030	0.133	8.453	2.095	0.000	5.805	9.386	0.000	0.000	0.023	0.000	0.000	0.027	0.069	0.183	0.000	0.000	4.236	0.185	0.000	1.001	0.000	0.100	6.300	0.000	0.000	0.054	1.213	2.571	0.068	18.159	13.733	9.345	0.588	0.000	0.009	0.875	0.000	3.058	0.022	0.059
8	0.234	0.159	4.000	0.000	13.546	1.040	11.633	3.556	0.000	8.103	8.941	0.339	0.058	0.841	0.203	0.000	0.543	0.692	0.214	0.126	0.000	5.476	0.650	0.000	1.224	0.058	0.200	4.800	0.000	0.000	1.782	1.796	5.208	0.982	16.725	13.791	7.030	1.260	0.000	0.222	2.397	0.808	6.853	0.371	0.587
9	0.264	0.310	6.000	0.000	14.405	3.593	12.094	4.427	0.000	9.819	8.518	1.660	0.557	1.282	0.878	0.000	1.838	1.105	0.435	0.364	0.072	6.634	1.077	0.000	2.192	0.532	1.400	3.400	0.700	0.040	3.837	2.017	7.931	1.699	15.836	12.895	3.681	1.778	4.900	0.920	4.867	1.372	10.381	1.017	1.010
10	0.293	0.998	8.300	0.000	13.795	7.762	11.785	5.268	0.048	11.600	8.060	4.480	1.549	2.127	1.825	0.163	3.046	1.536	1.079	0.541	0.001	7.433	1.267	0.000	3.696	1.071	2.200	3.000	0.900	1.451	4.635	2.277	8.064	3.663	15.166	11.446	3.255	2.174	5.700	2.510	7.204	1.923	15.558	1.789	1.342
11	0.322	2.409	10.200	7.200	13.871	8.454	12.170	5.425	0.251	13.222	6.926	8.877	3.693	2.353	3.573	0.510	4.423	2.238	1.847	0.622	0.156	7.476	1.880	0.000	4.770	2.352	2.500	3.000	2.400	2.279	6.345	2.098	6.791	6.151	10.908	11.621	8.569	2.312	6.300	4.245	8.171	2.705	20.295	2.546	2.123
12	0.352	3.283	11.500	8.600	12.532	9.477	11.624	5.626	0.505	12.013	4.810	10.336	7.575	3.489	5.776	1.321	5.599	3.172	2.211	0.640	0.489	7.245	2.482	0.000	5.476	3.096	3.300	3.400	3.400	3.440	8.327	1.474	6.043	7.297	10.419	11.864	11.859	2.224	6.100	6.273	8.697	3.522	22.058	2.945	2.901
13	0.381	3.402	13.100	5.600	11.013	10.140	9.829	6.025	0.756	9.779	3.085	10.274	10.442	4.193	7.322	2.125	5.067	4.288	2.168	0.952	0.548	6.847	1.947	0.629	5.444	2.944	3.600	3.400	3.600	4.426	9.337	0.723	4.150	7.228	9.734	11.095	14.433	2.251	6.100	8.676	9.110	3.784	20.846	3.961	3.341
14	0.410	3.894	13.800	5.400	10.055	10.352	6.786	5.299	0.686	8.494	2.073	9.982	11.051	3.173	7.856	2.058	3.580	4.430	2.100	1.329	0.509	6.562	1.532	3.603	4.825	2.832	3.800	2.800	3.200	4.396	9.705	0.448	2.274	7.451	8.184	11.148	14.582	2.216	6.400	10.188	8.202	4.561	19.554	4.631	3.222
15	0.439	4.963	10.900	5.400	10.323	9.758	5.149	2.990	0.869	7.351	0.294	10.284	9.667	3.333	7.547	1.385	1.944	3.845	1.844	1.715	0.470	5.402	1.674	5.741	3.033	2.837	3.500	3.000	3.000	4.267	9.970	0.257	1.088	7.295	5.634	10.747	12.815	1.891	6.000	9.903	6.425	4.626	18.636	4.742	3.032
16	0.469	4.892	6.800	5.700	10.482	8.186	3.909	1.332	0.657	4.493	0.000	11.189	8.199	3.895	5.258	0.746	0.584	3.660	2.237	1.667	0.453	3.655	1.700	9.412	2.288	2.190	3.000	3.600	3.100	4.340	9.025	0.072	0.131	6.084	2.227	8.943	11.163	1.565	5.000	9.668	4.518	3.923	16.240	4.758	2.690
17	0.498	4.708	7.000	5.100	9.967	2.494	1.965	1.026	0.297	1.543	0.000	10.622	5.193	4.358	2.271	0.383	0.048	3.129	2.075	1.270	0.162	2.071	1.360	14.182	1.098	0.879	3.100	0.000	2.800	4.740	6.641	0.000	0.008	4.081	0.213	6.185	9.162	1.531	2.500	4.957	2.946	1.012	10.681	4.092	1.974
18	0.527	5.358	8.800	3.900	8.883	0.000	0.372	0.360	0.066	0.078	0.000	6.846	2.150	3.528	0.675	0.247	0.000	2.020	1.074	0.581	0.035	0.950	1.088	16.571	0.985	0.290	3.600	0.000	1.800	5.055	5.103	0.000	0.000	2.116	0.000	2.795	4.823	1.584	1.400	0.068	0.609	0.000	6.785	3.086	1.129
19	0.557	2.475	8.500	4.700	6.817	0.000	0.000	0.005	0.000	0.000	0.000	2.623	0.533	0.061	0.241	0.000	0.000	1.422	0.478	0.000	0.000	0.082	0.903	17.254	1.464	0.000	4.000	0.000	2.600	5.902	3.938	0.000	0.000	0.076	0.000	0.436	0.365	1.210	0.000	0.018	0.016	0.156	4.813	2.161	0.547
20	0.586	0.000	7.400	5.800	3.766	0.000	0.000	0.000	0.000	0.000	0.000	0.724	0.050	0.000	1.496	0.000	0.000	0.670	0.149	0.000	0.000	0.000	0.909	18.181	1.924	5.906E-4	4.100	0.000	4.800	7.006	0.762	0.000	0.000	0.000	0.000	4.578E-4	0.000	0.848	0.000	4.789	0.000	0.941	3.237	1.148	0.173
21	0.615	0.000	6.400	5.800	0.948	0.000	0.000	0.000	0.000	0.000	0.000	0.021	0.000	0.063	4.081	0.000	0.000	0.099	0.000	0.000	0.000	0.000	0.713	17.772	1.573	0.526	4.100	0.000	5.500	6.777	0.000	0.000	0.000	0.000	0.000	0.000	0.000	0.105	0.000	9.233	0.218	2.415	4.275	0.062	0.000
22	0.645	0.000	6.000	5.500	0.119	0.079	0.000	0.000	0.000	0.000	0.000	0.000	0.000	3.116	7.779	0.000	0.000	0.000	0.000	0.000	0.000	0.000	0.480	15.014	1.104	1.923	3.800	0.000	6.000	6.272	0.000	0.000	0.000	0.000	0.000	0.000	0.000	0.000	0.000	13.842	1.020	4.645	5.631	0.062	0.000
23	0.674	3.336	5.400	5.500	0.000	2.384	0.000	0.000	0.000	0.000	0.000	0.000	0.000	4.664	9.762	0.000	0.000	0.000	0.000	0.000	0.000	0.000	0.106	11.320	0.798	5.214	3.300	5.700	6.700	6.353	0.000	0.000	0.000	0.000	0.000	0.000	0.000	0.000	0.000	19.208	2.167	6.095	7.170	3.734	0.000
24	0.703	7.939	4.000	6.000	0.000	4.592	0.000	0.000	0.000	0.000	0.000	0.000	0.000	6.833	12.481	0.000	0.000	0.000	0.000	0.000	0.000	0.000	0.000	7.834	0.393	8.649	2.300	8.400	6.400	7.083	0.000	0.000	0.000	0.000	0.000	0.000	0.149	0.000	0.000	22.613	4.372	8.275	9.359	8.217	0.000
25	0.732	11.729	0.000	5.900	0.000	6.549	0.000	0.000	0.000	0.000	0.000	0.000	0.000	8.181	14.253	0.000	0.000	0.000	0.000	0.058	0.000	0.000	0.000	5.211	0.000	11.421	2.300	11.900	7.000	7.331	0.418	0.000	0.000	0.000	0.000	0.000	4.124	0.000	0.000	23.628	6.421	12.331	11.707	12.060	0.000
26	0.762	15.160	0.000	6.100	0.000	7.683	0.000	0.000	0.000	0.097	0.000	0.000	0.000	9.747	15.679	0.000	0.000	0.000	0.000	1.324	0.000	0.000	0.000	2.724	0.000	11.498	1.000	16.100	8.300	7.301	2.488	0.000	0.000	0.000	0.832	0.000	8.337	0.000	0.000	23.691	9.630	15.280	11.501	15.375	0.000
27	0.791	17.411	0.000	0.000	0.000	0.000	0.000	0.000	0.000	0.000	0.000	0.000	0.000	0.000	0.000	0.000	0.000	0.000	0.000	0.000	0.000	0.000	0.000	0.000	0.000	0.000	0.000	0.000	0.000	7.696	0.000	0.000	0.000	0.000	0.000	0.000	0.000	0.000	0.000	0.000	0.000	0.000	0.000	0.000	0.000
