 	x	1	2	3	4	5	6	7	8	9	10	11	12	13	14	15	16	17	18	19	20	21	22	23	24	25	26	27	28	29	30	31	32	33	34	35	36	37	38	39	40	41	42	43	44
1	0.029	0.000	7.700	0.000	0.000	0.000	0.000	0.000	0.000	0.000	0.000	0.000	0.000	0.000	0.000	0.000	0.000	0.000	0.000	0.000	0.000	0.000	0.000	18.164	0.000	0.000	4.100	7.100	0.000	0.000	0.000	0.000	0.000	0.000	0.000	8.806	0.000	0.000	20.700	0.000	0.000	0.000	16.814	0.000	0.000
2	0.059	0.000	7.800	0.000	0.309	0.000	0.000	0.000	0.000	0.000	0.000	0.000	0.000	0.000	0.000	0.000	0.000	0.000	0.000	0.000	0.000	0.000	0.000	17.892	0.000	0.000	4.200	7.100	0.000	0.000	0.000	0.000	0.000	0.000	0.000	11.029	0.000	0.058	18.800	0.000	0.000	0.000	15.445	0.000	0.000
3	0.088	0.000	7.300	0.000	3.024	0.000	0.000	0.000	0.000	0.000	0.006	0.000	0.000	0.000	0.000	0.000	0.000	0.000	0.000	0.000	0.000	0.000	0.000	19.233	0.000	0.000	4.300	7.300	0.000	0.000	0.000	0.000	0.000	0.000	0.000	10.902	1.207	1.223	14.400	0.000	0.000	0.000	13.016	0.000	0.000
4	0.117	0.000	0.000	0.000	5.058	0.000	0.006	0.000	0.000	0.000	1.535	0.000	0.000	0.000	0.000	0.000	0.000	0.000	0.000	0.000	0.000	0.000	0.000	21.489	0.000	0.000	4.500	8.200	0.000	0.000	0.000	0.000	0.000	0.000	0.000	10.208	3.694	2.013	10.200	0.000	0.000	0.000	11.053	0.372	0.000
5	0.146	0.000	0.000	0.000	7.020	0.000	3.128	0.000	0.000	0.000	5.434	0.000	0.000	0.000	0.008	0.000	0.000	0.000	0.037	0.000	0.000	0.000	0.193	23.485	0.000	0.000	4.200	7.600	0.000	0.136	0.000	0.000	0.000	0.000	0.000	10.489	5.873	2.592	0.000	0.000	0.158	0.000	9.905	1.854	0.000
6	0.176	0.257	0.000	0.000	7.914	0.000	8.558	0.000	0.135	0.000	8.988	0.000	0.000	0.000	1.204	0.000	0.004	0.653	0.460	0.255	0.000	0.210	0.791	23.639	0.088	0.000	3.700	7.000	0.000	0.325	0.675	0.523	0.013	0.052	0.000	10.651	8.027	2.786	0.000	0.000	1.238	1.860E-4	9.148	2.421	0.090
7	0.205	2.328	0.000	0.000	7.767	1.293	12.707	0.000	1.147	0.016	9.995	1.356	0.000	0.022	2.720	0.000	1.021	2.395	0.810	1.302	0.002	1.185	2.295	22.106	1.329	0.046	2.600	5.600	0.000	0.161	2.594	5.341	3.325	4.641	0.885	10.232	10.352	2.944	0.000	0.256	2.675	0.788	8.077	3.262	0.385
8	0.234	3.910	8.100	0.000	7.760	5.200	16.801	0.174	2.180	0.902	10.839	4.537	0.193	1.535	4.372	0.002	2.324	3.787	1.105	3.059	0.264	1.852	3.020	20.651	2.430	0.759	2.600	4.000	0.000	0.000	5.314	9.641	8.474	5.965	4.861	8.693	12.254	3.652	0.000	1.535	3.907	1.686	5.744	4.568	0.994
9	0.264	5.602	12.200	0.000	8.360	9.504	20.090	1.765	3.091	3.443	12.578	6.968	1.327	2.228	7.016	0.287	2.652	6.912	1.627	5.121	0.955	2.415	3.359	20.259	3.775	1.316	2.100	2.300	0.700	0.194	7.656	14.088	11.542	8.165	8.864	8.011	13.104	3.924	8.100	2.810	6.197	1.989	0.654	5.151	3.028
10	0.293	6.535	14.800	0.000	9.167	16.085	22.119	2.841	4.575	6.397	15.235	11.230	3.642	3.982	10.148	0.622	5.359	10.221	2.800	6.552	1.574	3.348	3.502	20.204	5.557	2.544	0.000	2.300	1.000	3.411	9.958	17.232	14.516	9.648	11.740	9.562	12.887	4.019	8.100	4.379	10.500	2.566	0.000	5.647	5.406
11	0.322	7.349	15.400	12.300	9.180	24.544	23.467	4.529	5.427	9.672	17.428	16.121	6.907	6.319	11.928	1.101	9.184	10.903	3.803	6.108	2.274	4.181	3.761	19.424	7.310	4.711	0.000	3.000	2.800	4.785	13.273	19.057	16.387	11.611	14.575	11.538	12.125	3.817	6.800	6.831	14.523	2.857	0.000	6.518	8.158
12	0.352	8.389	15.500	14.200	9.106	29.849	26.332	6.126	5.851	11.301	18.730	20.473	10.102	7.732	12.592	2.849	11.084	9.843	4.195	5.995	3.091	4.518	3.626	18.710	7.249	6.784	0.000	4.000	4.100	5.415	14.959	19.549	19.009	13.547	16.064	12.599	11.967	3.581	6.800	8.972	15.648	4.081	0.000	7.307	11.864
13	0.381	8.230	15.700	9.900	8.515	30.521	27.818	7.024	4.960	11.853	18.972	22.545	10.548	7.946	12.692	4.736	10.901	9.409	3.948	6.976	3.897	4.290	3.698	19.613	7.309	7.629	0.000	4.100	4.100	6.058	15.550	20.248	22.950	15.464	16.047	13.659	11.464	3.844	6.300	10.081	15.186	5.124	0.000	6.862	14.118
14	0.410	6.798	15.700	9.700	8.622	28.361	27.923	6.169	4.025	13.550	18.569	19.986	9.348	7.440	12.704	4.936	9.922	9.370	3.751	7.459	4.653	3.716	3.784	20.955	7.604	6.687	0.600	3.700	3.700	6.448	16.388	21.159	24.494	15.556	15.945	14.067	12.352	3.883	6.400	9.987	14.438	5.180	0.000	5.578	14.360
15	0.439	6.137	16.200	9.300	9.814	25.264	26.304	6.139	2.721	14.936	17.402	14.632	7.842	7.000	10.992	3.263	8.636	9.800	3.984	6.102	5.049	3.434	3.673	21.922	7.128	3.766	1.100	3.700	3.500	6.889	16.310	20.655	21.310	14.054	14.981	12.352	14.558	3.333	6.300	9.468	14.090	5.258	0.000	4.986	14.370
16	0.469	6.640	13.500	8.900	10.386	23.167	25.048	7.003	1.644	14.440	16.353	9.793	6.644	7.157	7.636	1.666	6.904	10.031	4.066	4.189	4.733	3.079	3.670	18.650	7.018	1.951	1.500	4.200	3.800	6.303	15.032	18.378	16.984	12.852	13.859	9.574	17.120	3.145	4.700	8.044	12.927	5.516	0.000	5.098	14.534
17	0.498	6.723	11.800	8.300	9.841	18.408	23.979	6.935	0.684	11.849	14.204	6.165	3.969	7.216	4.740	0.865	4.804	10.141	4.152	2.258	3.957	3.064	3.696	12.949	6.536	1.671	2.300	0.000	3.200	5.877	13.305	15.278	14.401	11.170	12.902	5.577	18.417	3.704	2.400	6.425	9.497	5.363	0.000	2.274	12.893
18	0.527	5.674	11.600	7.800	9.926	12.573	21.550	6.252	0.129	8.624	11.739	4.326	0.799	6.774	2.832	0.252	2.491	8.886	3.139	1.169	3.293	2.428	3.268	8.282	4.135	0.908	3.800	0.000	0.700	5.819	11.679	12.366	11.397	8.362	11.521	2.844	17.904	4.443	0.800	2.186	6.119	4.596	0.000	0.000	10.008
19	0.557	3.714	11.400	8.600	8.748	6.340	15.087	5.395	0.000	5.521	9.151	1.922	0.000	0.278	1.444	0.000	0.703	6.142	1.620	0.472	2.021	1.569	2.764	5.559	2.198	0.027	5.400	0.000	1.000	7.026	9.793	11.007	7.259	5.415	10.865	0.736	19.420	3.600	0.000	0.058	4.540	1.128	0.176	0.000	6.587
20	0.586	0.237	11.300	9.700	6.152	0.346	10.115	3.973	0.000	3.622	6.123	0.000	0.000	0.000	0.152	0.000	0.131	3.908	1.298	0.011	1.240	1.030	2.346	2.607	1.243	0.000	6.600	0.000	4.800	8.648	5.376	9.566	0.154	3.429	9.801	0.000	18.801	3.178	0.000	0.268	2.135	0.000	0.924	0.000	2.798
21	0.615	0.000	10.900	9.700	3.531	0.000	6.043	2.694	0.000	1.225	2.851	0.000	0.000	0.086	0.300	0.000	0.000	1.973	1.353	0.000	0.509	0.085	1.550	0.121	0.185	0.501	8.000	0.000	5.100	8.509	1.099	8.066	0.000	0.135	7.414	0.000	14.519	2.808	0.000	4.867	0.070	0.000	3.398	0.000	0.727
22	0.645	0.088	10.300	9.400	2.000	0.000	1.053	1.412	0.000	0.000	0.448	0.000	0.000	8.305	1.360	0.000	0.000	0.192	0.836	0.000	0.000	0.000	0.767	0.000	0.000	2.724	7.800	0.500	5.700	8.382	2.848	7.584	0.000	0.000	3.948	0.000	10.251	2.210	0.000	8.631	0.000	2.169	5.762	0.188	0.000
23	0.674	3.405	8.500	9.500	0.407	0.000	0.000	0.063	0.000	0.000	0.000	0.000	0.000	10.189	4.056	0.000	0.000	0.000	0.098	0.000	0.000	0.000	0.130	0.000	0.000	5.475	7.000	8.700	6.500	8.961	9.502	6.091	0.000	0.000	2.274	0.000	8.301	1.428	0.000	13.370	0.000	6.692	9.064	1.991	0.000
24	0.703	7.296	4.700	10.400	0.000	0.000	0.000	0.000	0.000	0.000	0.000	0.000	0.000	12.179	8.712	0.000	0.000	0.000	0.000	0.000	0.000	0.000	0.000	0.000	0.000	8.951	7.400	11.500	6.400	9.953	15.349	4.243	0.000	0.000	1.539	0.000	5.083	1.013	0.000	18.657	0.000	8.741	11.689	4.348	0.000
25	0.732	9.766	0.000	10.600	0.000	0.000	0.000	0.000	0.000	0.000	0.000	0.000	0.000	13.851	11.640	0.000	0.000	0.000	0.000	0.000	0.000	0.000	0.000	0.000	0.000	11.926	7.100	14.600	6.700	9.614	18.124	0.282	0.161	0.000	0.859	1.719	1.992	0.232	0.000	22.371	0.000	11.112	12.836	7.890	0.000
26	0.762	11.085	0.000	10.500	0.000	0.000	0.000	0.000	0.000	0.000	0.000	0.000	0.000	16.062	11.496	0.000	0.000	0.000	0.000	0.000	0.000	0.000	0.000	0.000	0.000	13.381	6.100	16.900	7.900	9.071	20.278	0.000	2.387	0.000	0.054	3.090	0.000	0.000	0.000	24.562	0.000	13.136	12.521	12.775	0.000
27	0.000	0.000	0.000	0.000	0.000	0.000	0.000	0.000	0.000	0.000	0.000	0.000	0.000	0.000	0.000	0.000	0.000	0.000	0.000	0.000	0.000	0.000	0.000	0.000	0.000	0.000	4.600	0.000	0.000	0.000	0.000	0.000	0.000	0.000	0.000	0.000	0.000	0.000	0.000	0.000	0.000	0.000	12.164	0.000	0.000
